clust_annot
Endo-1
Astro-1
InN-Lamp5
ExN-L2/3-1
ExN-L2/3-1
Endo-3
Endo-1
Astro-1
Olig-3
OPC
InN-Calb2-1
Astro-2
ExN-L2/3-1
Astro-1
Endo-3
Micro-1
ExN-L2/3-1
Endo-3
ExN-L2/3-1
Macro
Peri-1
Endo-2
Astro-1
ExN-L2/3-1
Peri-1
ExN-L2/3-1
ExN-L2/3-1
Peri-1
ExN-L2/3-1
InN-Lamp5
Peri-2
Astro-1
Olig-2
Endo-1
ExN-L2/3-1
Endo-1
Astro-1
Micro-1
Peri-2
Endo-1
Endo-1
Peri-2
Astro-2
InN-Calb2-1
ExN-L2/3-1
Astro-1
Endo-1
ExN-L2/3-1
Endo-1
ExN-L2/3-1
ExN-L2/3-1
ExN-Olf
ExN-L2/3-1
Endo-3
ExN-L2/3-1
ExN-L6-1
InN-Lamp5
ExN-L2/3-1
Astro-1
ExN-L2/3-1
ExN-L2/3-1
ExN-L2/3-1
ExN-L2/3-1
ExN-L2/3-1
ExN-L2/3-1
Endo-3
ExN-L2/3-1
Endo-1
InN-Lamp5
Endo-1
InN-Pvalb-3
Olig-2
ExN-L2/3-1
InN-Vip
ExN-L2/3-1
Olig-2
ExN-L2/3-1
ExN-L2/3-1
ExN-L2/3-1
InN-Pvalb-1
Peri-1
ExN-L2/3-1
InN-Vip
ExN-L2/3-1
Peri-1
ExN-L2/3-1
ExN-L2/3-1
Endo-1
InN-Sst-1
ExN-L2/3-2
Olig-2
Endo-1
Micro-1
ExN-L2/3-1
Astro-1
Astro-1
Endo-3
ExN-L2/3-1
Micro-1
Endo-1
ExN-L2/3-2
ExN-L2/3-1
ExN-L2/3-1
InN-Pvalb-1
InN-Vip
ExN-L2/3-2
InN-Sst-1
Endo-2
InN-Lamp5
ExN-L2/3-1
Endo-2
InN-Vip
Endo-2
Micro-1
ExN-L2/3-1
ExN-L2/3-2
Olig-2
InN-Lamp5
Micro-1
InN-Pvalb-1
ExN-L2/3-1
InN-Pvalb-3
ExN-L2/3-2
Olig-2
ExN-L2/3-2
ExN-L2/3-1
ExN-L2/3-1
Micro-1
Vlmc
Astro-1
Peri-1
ExN-L2/3-1
ExN-L2/3-2
Endo-2
ExN-L2/3-2
ExN-L2/3-1
Astro-1
ExN-L5-2
ExN-L2/3-1
InN-Pvalb-2
Endo-1
Endo-1
ExN-L2/3-2
Endo-1
Micro-1
InN-Vip
Olig-2
ExN-L2/3-2
Olig-2
Olig-1
ExN-L2/3-2
ExN-L2/3-2
Endo-1
OPC
ExN-L2/3-2
InN-Vip
ExN-L2/3-2
ExN-L5-1
InN-Pvalb-1
InN-Pvalb-1
ExN-L2/3-2
ExN-L2/3-2
InN-Pvalb-2
InN-Sst-1
ExN-L2/3-2
Endo-1
ExN-L2/3-2
Olig-2
ExN-L5-2
Endo-1
ExN-L2/3-1
ExN-L2/3-1
ExN-L2/3-1
Astro-1
ExN-L2/3-1
InN-Sst-1
Astro-1
ExN-L2/3-1
ExN-L5-2
Astro-1
Endo-3
ExN-L2/3-1
ExN-L2/3-1
Astro-1
ExN-L2/3-1
ExN-L2/3-1
ExN-L2/3-1
ExN-L2/3-2
ExN-L2/3-1
ExN-L2/3-1
InN-Vip
Endo-3
ExN-L2/3-1
ExN-L2/3-1
Micro-3
ExN-L2/3-1
ExN-L2/3-1
ExN-L2/3-1
InN-Vip
Micro-1
Peri-1
ExN-L2/3-1
Astro-1
InN-Lamp5
InN-Pvalb-1
ExN-L2/3-1
InN-Pvalb-1
InN-Sst-1
InN-Lamp5
Astro-1
ExN-L2/3-1
Peri-2
ExN-L2/3-1
ExN-L2/3-1
ExN-L2/3-1
ExN-L2/3-1
ExN-L2/3-1
ExN-L2/3-1
Micro-1
ExN-L6-1
Astro-1
Astro-1
ExN-L2/3-1
ExN-L2/3-2
Astro-1
Endo-3
ExN-L2/3-1
ExN-L5-1
Olig-2
InN-Lamp5
ExN-L2/3-1
Olig-2
ExN-L2/3-1
Olig-2
ExN-L2/3-1
InN-Pvalb-1
Olig-2
Endo-1
Olig-2
ExN-L2/3-1
Endo-3
Olig-2
Micro-3
ExN-L2/3-2
ExN-L2/3-1
Astro-1
InN-Vip
InN-Pvalb-1
Peri-1
Endo-1
ExN-L2/3-2
Endo-3
Astro-1
ExN-L2/3-2
Endo-1
ExN-L2/3-1
ExN-L2/3-1
ExN-L2/3-1
InN-Pvalb-1
InN-Vip
Peri-1
ExN-L2/3-1
ExN-L2/3-1
Endo-1
ExN-L2/3-2
ExN-L2/3-2
Endo-1
Micro-1
ExN-L2/3-2
Peri-1
Olig-2
Endo-1
ExN-L2/3-2
ExN-L2/3-2
ExN-L2/3-2
ExN-L2/3-1
Endo-3
ExN-L2/3-2
Endo-1
ExN-L2/3-2
ExN-L2/3-2
ExN-L2/3-2
ExN-L5-1
Olig-2
Olig-2
ExN-L2/3-2
Endo-1
ExN-L2/3-1
Micro-3
ExN-L2/3-2
ExN-L2/3-2
ExN-L5-1
Olig-2
Olig-2
ExN-L5-1
Endo-2
ExN-L2/3-2
Astro-1
ExN-L2/3-2
Astro-1
ExN-L5-1
ExN-L2/3-2
Micro-1
Olig-1
Peri-2
Vlmc
ExN-L2/3-2
ExN-L2/3-2
Endo-2
Endo-1
ExN-L5-2
Endo-3
ExN-L2/3-2
Endo-2
Endo-3
ExN-L5-1
ExN-L2/3-1
ExN-L2/3-1
ExN-L2/3-2
ExN-L2/3-2
ExN-L2/3-2
ExN-L2/3-2
Olig-2
ExN-L5-2
ExN-L2/3-2
Endo-1
ExN-L2/3-2
ExN-L2/3-2
InN-Vip
ExN-L2/3-2
Endo-1
ExN-L2/3-2
ExN-L2/3-2
ExN-L5-1
Micro-1
Olig-2
InN-Pvalb-2
Olig-2
ExN-L5-1
Astro-1
ExN-L5-1
Olig-2
Astro-1
OPC
OPC
Olig-2
Endo-1
ExN-L5-1
Astro-1
Olig-2
Peri-1
ExN-L5-1
Astro-1
ExN-L5-1
Micro-1
ExN-L5-2
ExN-L5-1
ExN-L5-2
InN-Vip
Olig-2
Astro-1
ExN-L5-1
Olig-2
InN-Sst-1
Endo-1
Olig-2
ExN-L2/3-2
Endo-3
ExN-L5-1
Olig-2
Olig-2
Peri-1
Olig-2
InN-Sst-1
ExN-L5-1
Endo-3
InN-Pvalb-1
ExN-L5-1
Olig-2
Endo-3
Olig-2
Olig-2
Olig-2
Micro-3
Endo-1
ExN-L5-1
Olig-2
Olig-2
Astro-1
ExN-L2/3-2
Endo-1
ExN-L5-1
Vlmc
Olig-2
Olig-2
Olig-2
Endo-1
Astro-1
Olig-2
Olig-1
Micro-2
Olig-2
Endo-1
InN-Lamp5
Olig-1
Olig-2
Olig-2
ExN-L5-2
Endo-1
Olig-2
InN-Lamp5
Astro-2
InN-Pvalb-1
ExN-L2/3-2
ExN-L2/3-2
Astro-1
ExN-L2/3-1
ExN-L2/3-1
ExN-Olf
ExN-L2/3-1
ExN-L2/3-1
Olig-2
Olig-2
Micro-2
Olig-2
Endo-3
Olig-2
ExN-L2/3-2
Micro-1
InN-Lamp5
ExN-L2/3-1
ExN-L2/3-2
ExN-L2/3-1
Endo-1
Olig-2
Olig-3
Olig-2
Olig-2
Olig-2
Olig-2
Micro-1
Micro-1
ExN-L2/3-2
ExN-L5-1
Olig-2
Olig-2
Olig-2
OPC
Endo-1
ExN-L5-1
Endo-3
Olig-2
ExN-L2/3-2
InN-Pvalb-2
ExN-L2/3-2
ExN-L2/3-2
Endo-1
Endo-3
ExN-L2/3-2
InN-Sst-1
ExN-L2/3-2
Endo-1
ExN-L2/3-2
Endo-1
InN-Vip
Micro-1
ExN-L2/3-2
ExN-L5-1
Astro-1
ExN-L2/3-1
ExN-L2/3-2
ExN-L2/3-1
Olig-2
Endo-1
OPC
Peri-1
ExN-L2/3-2
Astro-1
ExN-L2/3-2
ExN-L2/3-2
Astro-1
Astro-1
Olig-2
Micro-3
Olig-2
ExN-L5-1
Endo-1
Endo-1
ExN-L2/3-2
Astro-1
InN-Pvalb-2
ExN-L2/3-2
ExN-L2/3-1
ExN-L2/3-2
ExN-L5-1
Endo-1
InN-Lamp5
Olig-2
InN-Vip
Olig-2
ExN-L2/3-2
ExN-L2/3-2
Olig-2
Olig-2
ExN-L2/3-2
ExN-L2/3-2
Olig-2
Endo-1
ExN-L2/3-2
Olig-2
Micro-1
Endo-1
Astro-2
Endo-1
Astro-1
OPC
ExN-L2/3-2
ExN-L5-1
ExN-L5-1
Olig-2
ExN-L5-1
ExN-L5-1
Olig-2
Olig-2
Olig-2
InN-Lamp5
Olig-2
ExN-L2/3-2
Endo-1
Micro-1
ExN-L2/3-2
Endo-1
ExN-L5-1
Olig-2
Micro-1
ExN-L5-1
Endo-1
ExN-L2/3-2
InN-Pvalb-3
ExN-L5-1
ExN-L2/3-2
InN-Lamp5
Endo-1
Olig-2
Olig-2
ExN-L2/3-2
Olig-2
ExN-L5-1
Olig-2
ExN-L5-1
ExN-L2/3-2
Olig-2
InN-Pvalb-3
Olig-2
ExN-L5-1
Olig-2
ExN-L5-1
Olig-2
ExN-L5-1
ExN-L5-1
Olig-2
Endo-1
ExN-L5-1
InN-Sst-1
ExN-L5-1
ExN-L5-1
Astro-1
InN-Pvalb-1
Endo-3
Olig-2
Olig-2
Olig-2
ExN-L5-1
ExN-L5-1
Olig-2
Olig-2
ExN-L5-1
Olig-2
Peri-2
Endo-1
ExN-L5-1
Olig-2
Endo-1
InN-Sst-2
ExN-L5-2
InN-Sst-1
ExN-L5-2
Astro-1
Olig-2
Micro-1
Endo-1
Peri-2
ExN-L5-1
ExN-L6-2
Olig-2
Olig-2
ExN-L5-1
Astro-1
Micro-2
ExN-L6-1
Endo-1
Endo-3
Peri-1
ExN-L6-2
Endo-1
Endo-1
Olig-2
ExN-L6-2
Astro-1
Olig-2
ExN-L6-1
ExN-L5-1
Astro-1
ExN-L5-1
Olig-2
ExN-L6-1
ExN-L2/3-2
Olig-2
ExN-L6-1
Endo-1
Astro-1
Astro-1
ExN-L6-2
Endo-2
Olig-2
Endo-1
InN-Sst-1
ExN-L5-3
ExN-L5-1
InN-Lamp5
Olig-1
Olig-2
ExN-L5-2
ExN-L6-1
ExN-L5-1
Endo-3
ExN-L5-3
ExN-L5-1
ExN-L5-1
ExN-L5-1
ExN-L6-2
Astro-1
ExN-L6-1
Micro-3
OPC
InN-Sst-1
Micro-1
Olig-2
ExN-L5-1
Micro-1
ExN-L5-1
Micro-1
Olig-2
Endo-1
OPC
Astro-1
Astro-1
ExN-L6-1
Peri-1
Olig-2
Endo-1
Olig-2
InN-Vip
Peri-1
InN-Sst-1
ExN-L5-2
Olig-2
Endo-2
Olig-2
Astro-1
Olig-2
Micro-3
ExN-L6-2
ExN-L6-2
Olig-2
Olig-2
InN-Sst-1
Olig-2
Endo-1
ExN-L6-2
ExN-L6-2
Olig-2
ExN-L6-2
ExN-L6-1
ExN-L5-2
Olig-2
Endo-2
InN-Pvalb-3
Endo-3
InN-Sst-2
Olig-2
InN-Pvalb-1
Olig-2
Olig-2
Astro-1
Astro-1
Olig-2
OPC
Olig-2
Olig-2
Olig-2
Endo-1
Micro-1
Olig-2
ExN-L6-1
ExN-L6-2
InN-Sst-2
ExN-L6-2
Endo-1
Astro-1
Olig-2
Olig-3
Olig-2
ExN-L5-2
Endo-1
ExN-L6-2
Olig-2
Micro-1
Micro-1
ExN-L5-3
ExN-L5-1
ExN-L6-2
Olig-2
ExN-L6-1
Astro-2
Astro-1
ExN-L6-2
ExN-L6-2
ExN-L5-2
ExN-L6-2
InN-Pvalb-2
Olig-2
Astro-1
Endo-3
Endo-1
Micro-1
ExN-L5-1
InN-Lamp5
ExN-L2/3-2
ExN-L6-3
Astro-1
Astro-2
Endo-1
Olig-2
ExN-L2/3-2
ExN-L5-1
Olig-2
Peri-1
Astro-1
Endo-1
Endo-1
ExN-L2/3-2
Olig-2
Endo-1
Endo-1
Astro-1
Endo-3
ExN-L2/3-2
Endo-1
Astro-1
ExN-L5-1
Astro-1
OPC
ExN-L2/3-2
ExN-L2/3-2
Astro-1
ExN-L2/3-2
Vlmc
Olig-2
ExN-L2/3-2
InN-Pvalb-1
Olig-2
ExN-L5-1
ExN-L2/3-2
Olig-2
Astro-1
Astro-1
ExN-L2/3-2
Endo-1
ExN-L2/3-2
ExN-L5-1
Astro-1
InN-Pvalb-2
ExN-L5-1
Astro-1
ExN-L5-1
InN-Pvalb-1
Micro-1
ExN-L2/3-2
ExN-L2/3-2
ExN-L2/3-2
Endo-1
ExN-L5-1
ExN-L2/3-2
OPC
ExN-L2/3-2
Astro-1
OPC
ExN-L2/3-2
ExN-L5-1
Peri-1
Astro-1
Endo-1
ExN-L2/3-2
OPC
OPC
ExN-L2/3-2
ExN-L2/3-2
Endo-1
ExN-L2/3-2
ExN-L5-1
ExN-L2/3-2
Endo-1
Endo-3
Astro-1
Olig-2
ExN-L5-1
ExN-L2/3-2
Endo-1
ExN-L2/3-2
ExN-L5-2
ExN-L5-1
Astro-1
Vlmc
Olig-2
ExN-L2/3-1
InN-Pvalb-1
Olig-3
Olig-2
ExN-L5-1
ExN-L5-1
ExN-L5-3
ExN-L5-1
ExN-L5-1
ExN-L5-1
Astro-1
Endo-1
Endo-1
InN-Pvalb-1
ExN-L5-1
ExN-L5-2
Endo-3
ExN-L5-1
ExN-L5-2
ExN-L5-1
ExN-L5-1
ExN-L5-1
ExN-L5-1
ExN-L5-1
ExN-L5-1
Astro-1
ExN-L5-1
ExN-L2/3-2
Astro-1
InN-Pvalb-1
Endo-1
InN-Sst-1
Olig-2
Micro-3
Olig-2
Olig-2
ExN-L2/3-2
ExN-L5-2
Olig-2
ExN-L5-1
ExN-L5-2
Olig-2
Endo-1
OPC
ExN-L5-3
Endo-1
Endo-3
Micro-1
Olig-2
Olig-2
ExN-L5-3
Endo-3
Astro-1
Peri-1
ExN-L5-1
Olig-2
ExN-L5-2
ExN-L5-2
ExN-L5-3
ExN-L5-1
ExN-L5-1
ExN-L6-2
Olig-2
InN-Sst-1
ExN-L5-3
InN-Pvalb-1
Peri-1
Olig-2
Peri-1
InN-Pvalb-1
InN-Pvalb-1
Olig-2
ExN-L5-3
ExN-L6-1
Astro-1
ExN-L5-3
Olig-2
Endo-1
ExN-L6-1
ExN-L5-1
Peri-1
ExN-L6-2
Astro-1
Olig-3
ExN-L5-1
Olig-2
InN-Pvalb-2
InN-Pvalb-1
ExN-L5-1
Olig-2
ExN-L5-1
Endo-1
InN-Sst-1
Olig-2
Endo-3
Micro-2
Olig-2
Peri-1
InN-Pvalb-1
ExN-L6-1
Peri-1
Olig-2
Astro-1
Olig-2
Olig-1
Olig-2
Olig-2
InN-Pvalb-2
ExN-L5-2
ExN-L5-1
Olig-2
ExN-L5-1
ExN-L5-2
OPC
ExN-L6-2
InN-Lamp5
Endo-1
Olig-2
ExN-L5-1
ExN-L6-1
ExN-L6-1
InN-Pvalb-2
Olig-2
Peri-1
ExN-L5-1
Endo-1
Olig-2
Endo-3
ExN-L6-2
Olig-2
InN-Vip
Micro-3
Astro-1
ExN-L6-2
ExN-L6-1
ExN-L5-1
InN-Sst-2
ExN-L6-2
Olig-2
Olig-2
InN-Sst-2
Olig-2
ExN-L6-1
ExN-L5-1
Olig-2
Peri-1
InN-Pvalb-2
Micro-2
ExN-L5-3
OPC
ExN-Olf
ExN-L5-2
InN-Pvalb-1
Olig-2
Endo-1
Olig-2
ExN-L5-2
InN-Pvalb-2
ExN-L6-1
InN-Sst-1
InN-Pvalb-1
ExN-L6-1
Astro-1
Olig-2
Endo-2
Endo-1
Vlmc
ExN-L5-3
ExN-L6-2
Olig-2
ExN-L6-1
Olig-2
ExN-L6-2
InN-Pvalb-2
ExN-L5-2
Olig-2
OPC
ExN-L6-1
ExN-L6-2
ExN-L6-1
Endo-3
Endo-3
ExN-L2/3-2
Olig-2
ExN-L5-2
ExN-L6-2
InN-Pvalb-1
ExN-L6-1
InN-Pvalb-2
InN-Calb2-1
Micro-2
ExN-L6-2
OPC
Olig-2
ExN-L6-2
ExN-L6-1
Olig-2
Olig-2
Peri-1
ExN-L6-2
Endo-1
ExN-L6-1
ExN-L5-3
InN-Pvalb-3
Olig-2
Endo-3
Micro-1
Olig-2
Astro-1
ExN-L6-2
Olig-2
ExN-L6-2
Olig-2
ExN-L6-2
Astro-1
InN-Pvalb-1
Olig-2
InN-Lamp5
ExN-L6-1
Endo-1
Endo-1
OPC
Olig-2
Olig-2
Olig-2
ExN-L6-2
ExN-L6-2
ExN-L5-1
ExN-L6-1
Olig-2
Olig-2
ExN-L5-1
ExN-L6-2
Olig-2
ExN-L5-3
ExN-L6-2
ExN-L6-2
ExN-L6-1
ExN-L5-2
ExN-L6-1
ExN-L6-2
Endo-1
ExN-L6-2
ExN-L6-1
ExN-L6-1
Olig-2
Olig-2
ExN-L6-2
ExN-L6-2
ExN-L6-2
InN-Pvalb-2
ExN-L6-2
Olig-2
ExN-L6-2
ExN-L6-2
Olig-2
ExN-L6-2
ExN-L6-1
Olig-2
Olig-2
ExN-L6-2
ExN-L6-1
ExN-L5-2
Endo-1
ExN-L6-2
Olig-2
ExN-L6-1
ExN-L6-2
ExN-L6-2
Astro-1
ExN-L5-2
Olig-2
Endo-1
Olig-2
Endo-3
Olig-2
Olig-2
Olig-2
ExN-L5-1
Olig-2
ExN-L6-2
ExN-L6-2
ExN-L6-2
Micro-2
Olig-3
Olig-2
InN-Sst-1
Endo-3
Endo-3
ExN-L6-2
ExN-L6-1
ExN-L6-1
ExN-L6-1
ExN-L6-2
Olig-2
InN-Pvalb-3
ExN-L6-2
Astro-1
Olig-2
ExN-L6-2
Peri-1
Endo-3
Olig-2
ExN-L5-1
ExN-L5-2
ExN-L6-2
ExN-L5-3
Olig-2
ExN-L6-2
Endo-1
ExN-L6-1
Astro-1
ExN-L6-1
ExN-L5-1
ExN-L6-2
Olig-2
Olig-2
Olig-2
Olig-2
ExN-L5-3
ExN-L6-2
Olig-2
Endo-1
ExN-L6-2
ExN-L6-2
ExN-L6-2
Olig-2
ExN-L6-1
ExN-L6-2
ExN-L6-2
Olig-2
Endo-3
ExN-L6-2
Endo-1
ExN-L6-2
Olig-2
ExN-L5-1
Olig-2
ExN-L6-2
ExN-L5-1
ExN-L6-2
ExN-L6-2
Endo-1
InN-Olf-2
ExN-L6-2
ExN-L6-2
Olig-2
Olig-2
Endo-3
Astro-1
ExN-L6-2
Olig-2
ExN-L6-3
ExN-L6-1
Olig-2
Olig-2
ExN-L6-2
ExN-L6-2
Olig-2
ExN-L6-2
InN-Calb2-1
Peri-1
ExN-L6-2
Olig-2
ExN-L6-2
ExN-L6-2
Olig-2
Endo-1
Endo-1
ExN-L6-2
Olig-2
ExN-L6-1
Olig-2
Olig-2
Astro-1
ExN-L6-2
Olig-2
ExN-L6-1
Olig-2
Astro-1
ExN-L6-1
ExN-L6-1
Endo-1
ExN-L5-2
Olig-2
ExN-L5-2
InN-Sst-1
ExN-L6-2
Astro-2
ExN-L5-1
Micro-1
Endo-3
ExN-L6-1
ExN-L2/3-1
Olig-2
InN-Sst-1
Micro-1
Peri-1
Endo-1
Olig-2
ExN-L5-2
ExN-L6-1
Astro-1
ExN-L5-2
ExN-L5-1
ExN-L2/3-2
Astro-1
ExN-L2/3-2
Astro-1
Endo-1
Endo-1
ExN-L5-1
ExN-L2/3-2
ExN-L5-1
Endo-1
ExN-L2/3-2
Olig-2
ExN-L5-1
Micro-1
Olig-2
Micro-3
Endo-3
ExN-L5-1
ExN-L5-1
Olig-2
ExN-L2/3-2
Endo-1
ExN-L5-1
ExN-L2/3-2
ExN-L5-1
Olig-2
Endo-1
ExN-L5-3
ExN-L2/3-2
ExN-L2/3-2
ExN-L5-1
Astro-1
Astro-1
ExN-L2/3-2
Peri-1
ExN-L5-3
Astro-1
ExN-L5-1
Olig-2
Astro-1
ExN-L5-1
Endo-3
ExN-L5-2
ExN-L5-3
Micro-1
Endo-1
ExN-L5-1
Micro-1
InN-Pvalb-1
Olig-2
Olig-2
ExN-L5-1
ExN-L5-1
Endo-1
ExN-L5-2
Olig-2
Olig-2
Astro-1
InN-Pvalb-1
Endo-3
ExN-L5-1
ExN-L5-1
ExN-L5-1
Olig-1
ExN-L5-1
Olig-2
Astro-1
ExN-L5-1
Peri-1
ExN-L2/3-2
Micro-3
ExN-L5-1
Micro-3
Endo-1
Olig-2
Olig-2
Endo-1
Olig-2
Micro-1
Olig-2
Astro-1
Olig-2
ExN-L5-2
Micro-3
ExN-L5-1
OPC
Olig-2
InN-Pvalb-2
ExN-L5-2
ExN-L5-2
Olig-2
InN-Pvalb-2
ExN-L6-1
Peri-1
InN-Pvalb-2
InN-Sst-2
Astro-1
OPC
Endo-1
ExN-L6-1
ExN-L6-1
Micro-2
Olig-2
Olig-2
ExN-L5-3
InN-Pvalb-1
ExN-L5-2
Endo-1
Endo-1
ExN-L5-2
Olig-2
Endo-2
Endo-1
Olig-2
ExN-L5-3
ExN-L5-2
Astro-2
Olig-2
ExN-L6-1
Endo-1
ExN-L6-1
InN-Pvalb-1
Endo-1
Olig-2
ExN-L6-1
Olig-2
ExN-L5-2
Astro-1
ExN-L5-2
Endo-3
OPC
Peri-1
Peri-1
ExN-L6-1
InN-Pvalb-3
ExN-L6-2
Olig-2
Olig-2
OPC
Olig-3
Olig-2
Endo-3
ExN-L6-1
ExN-L2/3-1
Olig-2
Astro-1
Endo-1
ExN-L6-1
Micro-3
Olig-2
ExN-L5-1
ExN-L6-2
ExN-L6-2
InN-Pvalb-2
Olig-2
ExN-L6-2
Astro-1
InN-Sst-1
Olig-2
ExN-L6-1
Micro-1
Astro-1
ExN-L5-1
Endo-3
ExN-L6-2
Olig-2
ExN-L6-2
ExN-L5-2
Micro-1
ExN-L6-2
ExN-L6-2
ExN-L6-2
Olig-2
Olig-2
ExN-L6-1
ExN-L6-2
Endo-1
ExN-L6-2
ExN-L6-1
Astro-1
InN-Sst-1
Micro-3
Olig-2
Astro-1
Peri-1
ExN-L5-2
Olig-2
ExN-L6-2
ExN-L6-1
Endo-1
ExN-L6-2
Olig-2
Olig-2
ExN-L6-1
Olig-2
ExN-L6-2
Olig-2
ExN-L5-2
Endo-1
ExN-L6-2
Endo-1
InN-Sst-2
Olig-2
Olig-2
ExN-L6-2
ExN-L6-2
Olig-2
OPC
ExN-L6-2
ExN-L5-2
Olig-2
Endo-3
OPC
ExN-L6-1
ExN-L5-1
ExN-L6-2
Olig-2
ExN-L5-3
ExN-L6-2
Olig-2
ExN-L6-2
ExN-L5-2
ExN-L6-1
ExN-L5-2
Olig-2
ExN-L6-2
Endo-1
Olig-1
ExN-L6-1
Olig-2
Olig-2
ExN-L6-2
Astro-1
ExN-L6-2
ExN-L6-2
ExN-L6-2
ExN-L6-1
Olig-2
ExN-L6-1
ExN-L6-2
ExN-L6-2
Olig-3
ExN-L6-1
Endo-1
ExN-L6-2
ExN-L6-2
ExN-L6-1
ExN-L5-3
ExN-L6-2
InN-Sst-2
ExN-L6-2
ExN-L6-2
ExN-L5-2
Endo-1
Endo-1
ExN-L6-2
Olig-2
ExN-L6-2
InN-Sst-2
Olig-2
Endo-1
Micro-1
ExN-L6-2
OPC
ExN-L6-1
ExN-L6-2
ExN-L5-1
Endo-1
ExN-L6-2
InN-Sst-2
ExN-L6-2
InN-Pvalb-1
Peri-1
ExN-L5-1
Olig-2
ExN-L6-1
Olig-2
ExN-L6-1
Astro-1
ExN-L6-2
ExN-L6-1
Astro-1
ExN-L6-1
ExN-L6-1
ExN-L6-2
ExN-L6-1
ExN-L6-2
ExN-L6-1
Olig-2
Olig-2
ExN-L6-1
ExN-L6-2
Astro-1
ExN-L6-1
ExN-L6-2
InN-Lamp5
Endo-3
Olig-2
Olig-2
Olig-2
ExN-L6-2
ExN-L6-1
ExN-L6-2
Micro-1
Olig-2
ExN-L6-1
Endo-1
ExN-L6-2
InN-Sst-2
Micro-1
Olig-2
ExN-L6-2
ExN-L6-2
Micro-3
Olig-2
ExN-L6-2
ExN-L6-1
Olig-2
Olig-2
ExN-L6-1
ExN-L6-1
ExN-L6-2
Astro-1
ExN-L6-1
Olig-2
Astro-1
ExN-L6-1
ExN-L6-1
Olig-2
ExN-L6-1
Olig-2
ExN-L6-2
Endo-2
ExN-L6-1
ExN-L5-2
Olig-2
ExN-L5-2
Olig-2
Olig-2
ExN-L6-1
Micro-3
Astro-1
ExN-L6-3
Endo-3
ExN-L6-1
Endo-3
ExN-L6-2
Olig-2
ExN-L6-3
Olig-2
ExN-L6-2
InN-Pvalb-2
ExN-L6-2
Endo-1
ExN-L6-2
ExN-L6-2
ExN-L6-2
Astro-1
Endo-1
ExN-L6-2
ExN-L6-3
Olig-2
ExN-L6-2
Olig-2
ExN-L6-2
Olig-2
Olig-2
ExN-L6-2
ExN-L6-2
ExN-L6-1
ExN-L6-1
ExN-L6-2
ExN-L6-2
ExN-L6-1
ExN-L6-2
ExN-L6-1
Olig-2
ExN-L6-2
ExN-L6-3
Olig-2
ExN-L6-2
ExN-L6-2
Olig-2
ExN-L6-2
ExN-L6-2
Astro-1
Micro-1
ExN-L6-3
ExN-L6-1
ExN-Olf
ExN-L6-3
Olig-2
ExN-L6-1
Olig-2
Olig-2
Olig-2
InN-Lamp5
ExN-L6-3
Astro-1
Olig-2
Olig-2
Astro-1
ExN-L5-2
Endo-1
OPC
ExN-L6-1
ExN-L6-1
Olig-2
ExN-L6-3
ExN-L6-1
ExN-L6-3
Micro-1
Olig-2
Olig-2
ExN-L6-1
Olig-2
Olig-2
ExN-L6-3
ExN-L5-1
InN-Pvalb-2
Olig-2
ExN-L6-2
ExN-L6-3
Olig-2
Olig-2
ExN-L6-2
ExN-L6-1
Micro-2
Astro-1
ExN-L6-1
Olig-2
ExN-L6-1
ExN-L6-2
Olig-2
ExN-L6-2
ExN-L6-3
ExN-L5-2
Endo-3
Astro-1
Olig-2
Astro-1
ExN-L6-1
ExN-L6-1
ExN-L6-3
ExN-L6-1
Micro-1
Olig-2
Peri-1
ExN-L6-1
Endo-1
Endo-1
InN-Calb2-1
ExN-L6-2
ExN-L6-1
InN-Vip
Olig-2
OPC
Olig-3
Olig-2
Endo-1
Olig-2
ExN-L6-2
ExN-L6-1
Peri-1
ExN-L6-2
Astro-1
ExN-L6-1
Olig-2
Olig-2
ExN-L6-1
Olig-2
Olig-2
Olig-2
InN-Sst-1
ExN-L6-1
ExN-L6-3
Astro-1
Olig-2
Olig-2
OPC
ExN-L6-1
InN-Sst-1
Olig-2
Endo-2
ExN-L6-2
Olig-2
InN-Sst-2
ExN-L6-1
ExN-L6-1
Olig-2
Olig-2
Endo-1
ExN-L6-1
ExN-L6-1
Endo-1
Olig-2
Astro-1
ExN-L6-2
ExN-L5-1
Endo-1
Olig-2
Astro-1
Peri-1
OPC
Endo-1
ExN-L6-2
Endo-1
ExN-L6-2
Astro-1
Olig-2
Endo-1
Olig-2
OPC
ExN-L5-2
Endo-1
ExN-L6-1
Endo-3
Olig-2
Olig-2
Olig-1
Endo-1
Olig-1
Astro-1
Olig-2
ExN-L6-2
ExN-L6-2
ExN-L6-1
ExN-L6-1
Olig-3
Endo-1
ExN-Olf
ExN-L5-3
ExN-L6-1
ExN-L6-3
Endo-1
ExN-L2/3-1
ExN-L2/3-1
Olig-2
Olig-2
Olig-2
Endo-1
Endo-3
Endo-1
Olig-2
ExN-L6-1
Endo-1
ExN-L5-2
Endo-1
ExN-L6-1
Endo-1
ExN-L6-2
ExN-L6-2
InN-Lamp5
Olig-2
ExN-L5-1
ExN-L2/3-2
Astro-1
Endo-2
ExN-L2/3-2
Micro-1
InN-Pvalb-3
Micro-2
InN-Pvalb-2
Olig-2
ExN-L2/3-2
InN-Pvalb-2
Olig-2
Astro-1
Endo-3
ExN-L5-1
Endo-3
Astro-1
OPC
ExN-L5-2
ExN-L5-1
ExN-Olf
InN-Sst-1
ExN-L5-1
InN-Lamp5
Astro-1
Endo-2
Astro-1
ExN-L5-1
ExN-L2/3-2
Micro-1
ExN-L2/3-2
Astro-1
ExN-L2/3-2
Olig-2
ExN-L2/3-2
Endo-2
ExN-L5-3
ExN-L5-1
ExN-L5-2
Endo-1
InN-Pvalb-2
ExN-L5-3
Olig-2
Peri-2
ExN-L5-2
Olig-1
ExN-L5-1
InN-Pvalb-1
InN-Vip
Micro-1
InN-Pvalb-2
Micro-1
InN-Pvalb-1
InN-Sst-1
Olig-2
ExN-L6-1
Olig-2
Endo-1
InN-Pvalb-1
ExN-L5-3
InN-Sst-1
Endo-1
InN-Pvalb-2
ExN-L5-1
ExN-L5-2
ExN-L5-2
OPC
Olig-2
Olig-2
InN-Pvalb-2
InN-Pvalb-2
ExN-L5-2
Endo-1
Olig-2
ExN-L5-1
Astro-1
Olig-2
ExN-L5-3
ExN-L5-1
ExN-L5-1
ExN-L5-1
ExN-L5-2
ExN-L5-3
Astro-1
ExN-L5-1
Endo-1
ExN-L5-1
ExN-L5-1
ExN-L5-3
ExN-L5-1
ExN-L5-2
Micro-1
Olig-2
Endo-1
OPC
Micro-1
ExN-L5-1
ExN-L5-2
Astro-2
InN-Lamp5
Micro-1
InN-Vip
Olig-2
ExN-L6-1
ExN-L5-1
Endo-1
ExN-L6-2
Endo-1
Olig-2
Astro-1
ExN-L6-1
Peri-2
Peri-1
ExN-L6-1
Endo-1
ExN-L6-1
ExN-L5-3
Micro-1
Vlmc
Astro-1
ExN-L6-1
Endo-1
Olig-2
ExN-L5-3
InN-Sst-1
OPC
Olig-2
ExN-L6-2
ExN-L5-2
ExN-L5-2
ExN-L6-1
Peri-1
Astro-1
Olig-2
ExN-L6-1
Olig-2
ExN-L5-1
Olig-2
ExN-L5-1
Olig-2
Micro-1
ExN-L6-1
ExN-L6-1
Micro-1
Olig-2
ExN-L6-1
InN-Pvalb-3
ExN-L6-2
Olig-2
ExN-L6-2
ExN-L5-2
Olig-2
InN-Pvalb-1
ExN-L5-2
Endo-3
ExN-L6-2
OPC
InN-Pvalb-2
ExN-L6-1
Olig-2
ExN-L5-2
Endo-1
Endo-3
ExN-L5-2
Endo-1
InN-Lamp5
ExN-L5-2
Astro-1
ExN-L5-2
Endo-3
ExN-L5-1
Astro-1
ExN-L6-1
Olig-3
ExN-L6-1
ExN-L6-1
Micro-3
ExN-L6-2
InN-Sst-2
ExN-L6-1
Endo-1
Olig-2
Olig-3
InN-Pvalb-1
Olig-2
Olig-2
Endo-1
OPC
Olig-2
Astro-2
ExN-L6-2
ExN-L6-1
Olig-2
Astro-1
ExN-L6-2
Astro-1
ExN-L6-2
ExN-L6-2
ExN-L6-2
Peri-1
Astro-1
ExN-L6-1
ExN-L5-3
ExN-L6-1
ExN-L6-2
Endo-1
Micro-1
ExN-L6-1
ExN-L6-2
ExN-L5-2
Olig-2
InN-Pvalb-2
ExN-L6-2
InN-Sst-2
ExN-L6-1
ExN-L6-2
ExN-L5-2
Olig-2
Olig-2
ExN-L6-2
InN-Sst-2
ExN-L6-2
Olig-2
Olig-2
Olig-2
Olig-2
ExN-L6-2
Olig-2
ExN-L6-2
Olig-2
OPC
Endo-1
InN-Sst-2
ExN-L6-2
Endo-1
OPC
ExN-L6-2
Endo-3
Olig-2
InN-Pvalb-2
Peri-1
ExN-L5-2
Micro-3
ExN-L5-2
Endo-1
Olig-2
ExN-L6-2
ExN-L5-2
ExN-L5-2
Endo-1
InN-Sst-1
ExN-L6-2
ExN-L5-3
ExN-L6-1
Endo-2
Astro-1
ExN-L6-1
ExN-L6-1
ExN-L6-2
ExN-L6-2
ExN-L2/3-2
Micro-1
ExN-L6-2
Olig-2
ExN-L2/3-1
Olig-3
ExN-L6-2
Olig-2
ExN-L5-2
Endo-2
Micro-1
ExN-L6-1
Olig-2
Olig-2
InN-Pvalb-1
ExN-L6-2
ExN-L6-2
ExN-L6-2
ExN-L6-2
ExN-L6-2
ExN-L6-1
Olig-2
Olig-2
Olig-2
ExN-L6-1
ExN-L6-2
ExN-L6-1
ExN-L5-2
Olig-2
ExN-L6-2
Olig-2
Olig-2
Micro-1
Micro-1
Olig-2
ExN-L6-2
ExN-L6-1
ExN-L6-1
Olig-1
Peri-1
ExN-L6-2
InN-Pvalb-2
ExN-L6-2
Astro-1
ExN-L6-2
Endo-3
ExN-L6-1
ExN-L6-1
ExN-L6-2
Olig-2
Endo-1
Olig-1
ExN-L6-1
Olig-2
Peri-1
InN-Vip
ExN-L6-2
ExN-L6-2
OPC
Endo-3
InN-Sst-2
Astro-1
InN-Pvalb-2
Olig-2
Endo-1
ExN-L6-1
Olig-2
Endo-2
Micro-2
OPC
ExN-L6-2
Olig-2
ExN-L6-1
ExN-L6-1
InN-Sst-2
Olig-2
ExN-L6-1
Micro-1
ExN-L6-1
Olig-2
ExN-L6-1
Olig-2
ExN-L6-2
Olig-2
InN-Sst-1
Olig-2
ExN-L6-3
Olig-2
ExN-L6-2
Olig-2
Peri-1
ExN-L6-3
ExN-L6-3
ExN-L6-2
ExN-L6-3
Olig-2
ExN-L6-2
Endo-1
ExN-L5-2
ExN-L6-2
OPC
ExN-L6-2
ExN-L6-3
ExN-L6-2
Astro-1
ExN-L6-2
Olig-2
Olig-2
Olig-2
Olig-2
Astro-1
Olig-2
Olig-2
Olig-2
OPC
ExN-L6-3
ExN-L6-1
Olig-2
Micro-1
ExN-L6-2
Olig-2
ExN-L6-3
Olig-2
ExN-L6-1
Peri-1
Olig-2
Endo-3
InN-Pvalb-3
Olig-2
Olig-2
Endo-3
Micro-1
Olig-2
Olig-3
Olig-2
Olig-3
ExN-L6-2
Olig-2
OPC
Olig-2
Olig-2
Olig-2
Olig-2
Olig-3
ExN-L5-2
ExN-L6-1
Olig-2
Olig-2
Olig-2
Astro-1
Olig-2
InN-Vip
Olig-2
Olig-2
Olig-2
Olig-2
ExN-L6-3
Micro-1
Olig-2
Olig-2
ExN-L6-3
Olig-2
Olig-3
Olig-2
Olig-2
Micro-3
Olig-3
Olig-2
Olig-2
Olig-2
Olig-2
Olig-2
Olig-2
Olig-2
Astro-1
Olig-2
Olig-2
Olig-2
Astro-2
Olig-2
Endo-2
Micro-2
Olig-2
Olig-2
ExN-L6-3
Olig-2
Endo-3
OPC
Olig-2
Olig-2
Olig-2
Olig-2
Olig-2
Micro-2
Olig-2
Olig-2
Endo-1
Astro-2
Micro-3
Astro-1
Micro-3
Olig-2
Olig-2
Olig-2
Olig-2
Olig-2
Olig-2
Olig-2
Olig-2
Olig-2
Olig-2
Micro-1
Astro-1
Olig-2
Olig-2
Olig-3
Olig-3
Olig-2
Micro-1
Endo-1
ExN-L6-2
Olig-2
Olig-2
Olig-2
Olig-2
Olig-2
Micro-2
Olig-2
Olig-2
Olig-2
Olig-3
Peri-1
Olig-2
Olig-3
Olig-2
Olig-2
Olig-2
Olig-3
Astro-2
Olig-2
Olig-2
Olig-2
Olig-2
Olig-2
Olig-3
Olig-3
Olig-2
Olig-2
Olig-2
Olig-2
Micro-1
Olig-3
Olig-2
Olig-3
Olig-2
Olig-3
Olig-2
Olig-2
Olig-3
Olig-3
Olig-2
Olig-2
Olig-2
Olig-2
Astro-2
Olig-3
Olig-2
Olig-2
Peri-1
Olig-2
Olig-2
Olig-2
Micro-1
OPC
Olig-2
Olig-1
Micro-3
Olig-2
Olig-2
Olig-2
Olig-2
Olig-2
Olig-2
Olig-2
Astro-2
Olig-2
Olig-2
OPC
Olig-2
Olig-3
Olig-2
Olig-3
Olig-2
Olig-2
Olig-2
Olig-2
Olig-3
Olig-2
Olig-2
Olig-2
Olig-2
Micro-1
Olig-2
Olig-2
Micro-2
Olig-2
Peri-1
Olig-2
Olig-2
Olig-2
Olig-2
Olig-2
Olig-2
Olig-2
Olig-2
Olig-2
OPC
Astro-1
Olig-2
Olig-2
Olig-2
InN-Pvalb-2
Olig-2
OPC
Olig-2
Astro-1
Olig-2
Astro-1
ExN-L6-1
Olig-2
Endo-1
Olig-2
Olig-2
Micro-1
ExN-L6-1
ExN-L6-3
Olig-2
OPC
Olig-2
Olig-1
Olig-2
Olig-2
Olig-2
Olig-2
ExN-L6-1
Olig-2
Olig-2
InN-Sst-1
Olig-2
ExN-L6-3
ExN-L6-1
ExN-L6-1
ExN-L6-2
Olig-2
Olig-2
Olig-2
ExN-L6-1
OPC
Olig-2
Olig-2
ExN-L6-3
ExN-L6-1
Olig-2
Endo-3
Endo-1
Olig-2
Olig-2
Olig-2
Endo-1
Olig-2
ExN-L6-1
Olig-2
Olig-2
Olig-3
Endo-1
Olig-2
Peri-2
Olig-2
Olig-2
Astro-1
InN-Sst-2
ExN-L6-2
ExN-L5-1
InN-Lamp5
Micro-1
Olig-2
Astro-1
ExN-L6-1
ExN-L6-1
Peri-2
ExN-L6-1
Endo-1
ExN-L6-3
Olig-2
InN-Calb2-2
Olig-2
ExN-L6-3
OPC
InN-Sst-2
ExN-L6-3
ExN-L2/3-1
Olig-2
ExN-L6-3
Endo-2
OPC
Olig-2
Peri-1
InN-Lamp5
ExN-L6-2
ExN-L6-1
InN-Sst-2
ExN-L6-1
ExN-L6-1
ExN-L6-2
Olig-2
ExN-L5-2
Astro-1
ExN-L5-2
Olig-2
Olig-2
Micro-1
Micro-1
ExN-L6-3
Olig-2
ExN-L6-3
ExN-L6-2
ExN-L5-2
Olig-2
ExN-L6-3
Micro-1
Endo-3
ExN-L6-3
ExN-L6-3
ExN-L6-1
ExN-L6-2
InN-Pvalb-2
ExN-L6-1
ExN-L6-2
Astro-1
Endo-3
ExN-L6-1
InN-Lamp5
Micro-1
Astro-1
Olig-2
ExN-L6-1
ExN-L6-3
Micro-1
ExN-L6-3
Endo-1
ExN-L6-1
ExN-L6-1
ExN-L2/3-2
Olig-2
Olig-2
Olig-2
Endo-2
ExN-L6-2
ExN-L6-2
ExN-L5-2
ExN-L6-3
ExN-L5-1
ExN-L6-3
ExN-L6-3
ExN-L6-3
ExN-L6-1
ExN-L6-3
ExN-L6-2
Olig-2
ExN-L5-1
Astro-1
Endo-1
ExN-L6-1
Astro-1
Endo-2
ExN-Olf
ExN-L5-1
InN-Pvalb-3
ExN-L5-1
Endo-1
Endo-1
Endo-1
Olig-2
ExN-L5-1
ExN-L5-3
ExN-Olf
InN-Pvalb-2
Endo-1
ExN-L2/3-2
ExN-L2/3-2
Endo-1
ExN-L5-2
Astro-1
ExN-L6-1
ExN-L5-2
Endo-1
Endo-1
ExN-L2/3-2
ExN-L5-1
Peri-1
Endo-1
ExN-L5-1
InN-Pvalb-1
ExN-L5-3
Olig-2
ExN-L5-1
Olig-2
ExN-L2/3-2
Endo-1
InN-Pvalb-3
ExN-Olf
ExN-L5-1
ExN-L5-1
Olig-2
ExN-L5-3
Astro-1
ExN-L6-1
ExN-L5-1
ExN-L5-1
Olig-2
Peri-1
ExN-L5-2
Endo-1
Endo-1
ExN-L5-1
Endo-1
InN-Lamp5
ExN-L5-1
InN-Pvalb-1
Micro-1
Endo-1
Astro-1
ExN-L5-1
Olig-2
ExN-L2/3-1
Endo-1
InN-Pvalb-2
ExN-L5-2
Olig-2
ExN-L5-3
ExN-L6-2
ExN-L5-3
ExN-Olf
Olig-2
Astro-1
Peri-1
ExN-L5-1
ExN-L5-2
Endo-1
ExN-L5-3
OPC
InN-Sst-1
ExN-L5-3
Endo-1
ExN-L5-1
ExN-L5-1
ExN-L5-1
Endo-3
Endo-1
ExN-L5-2
Olig-2
ExN-L6-2
ExN-L6-1
ExN-L6-2
ExN-L6-1
Endo-3
ExN-L6-2
Vlmc
Olig-2
InN-Sst-1
InN-Sst-1
ExN-L2/3-2
Olig-3
ExN-L6-1
ExN-L6-1
ExN-L6-1
ExN-L6-1
InN-Pvalb-1
Olig-2
Olig-2
ExN-L6-2
Olig-2
Olig-2
Endo-1
ExN-L5-2
ExN-L6-1
InN-Pvalb-1
Olig-2
ExN-L6-1
ExN-L5-2
Endo-3
Olig-2
Endo-1
ExN-L6-1
InN-Sst-1
Micro-2
ExN-L6-1
Olig-2
ExN-L5-2
Olig-2
ExN-L6-2
ExN-L6-2
OPC
ExN-L6-2
InN-Pvalb-1
ExN-L6-2
Olig-2
ExN-L5-1
ExN-L6-2
Astro-1
ExN-L6-2
Astro-1
ExN-L6-2
Olig-2
ExN-L6-2
ExN-L5-3
Endo-1
Olig-2
ExN-L6-2
Olig-2
ExN-L6-2
OPC
ExN-L5-2
OPC
Endo-1
Olig-2
Olig-2
Endo-1
OPC
Peri-1
Astro-1
ExN-L6-2
Olig-2
InN-Calb2-1
Olig-2
InN-Sst-2
Astro-1
Olig-2
ExN-L6-2
ExN-L6-2
ExN-L6-2
Olig-2
Endo-1
ExN-L6-1
ExN-Olf
ExN-L6-2
ExN-L6-2
ExN-L6-2
OPC
Peri-1
ExN-L6-1
Micro-2
Olig-2
Endo-1
ExN-L5-2
ExN-L6-2
ExN-L6-2
ExN-L6-2
Olig-2
Olig-2
OPC
Peri-1
Olig-2
Olig-2
Olig-2
ExN-L6-2
ExN-L6-2
InN-Sst-1
Astro-1
Astro-1
InN-Sst-1
ExN-L6-1
InN-Pvalb-1
ExN-L5-2
ExN-L6-1
Endo-1
ExN-L5-3
ExN-L2/3-2
ExN-L6-2
ExN-L6-2
Olig-2
Endo-1
ExN-L6-1
Peri-1
Olig-2
Endo-1
ExN-L6-2
Astro-1
ExN-L6-2
Micro-1
ExN-L6-2
ExN-L6-2
Micro-1
Olig-2
ExN-L6-1
ExN-L6-2
ExN-L6-2
Olig-2
ExN-L6-2
ExN-L6-1
ExN-L6-2
Olig-2
Olig-2
ExN-L6-1
ExN-L6-2
Olig-2
ExN-L6-1
InN-Calb2-1
Olig-2
ExN-L6-2
ExN-L6-3
ExN-L6-2
ExN-L6-2
ExN-L6-2
Endo-3
Olig-2
Olig-2
Peri-1
InN-Pvalb-1
InN-Pvalb-2
ExN-L6-2
ExN-L6-2
ExN-L5-1
Endo-3
Astro-1
ExN-L6-1
Endo-1
ExN-L6-2
ExN-L6-2
ExN-L6-2
Olig-2
ExN-L6-2
Olig-2
OPC
InN-Sst-2
Endo-3
Olig-2
ExN-L6-1
ExN-L6-1
Astro-1
ExN-L6-2
Olig-2
ExN-L6-2
Endo-1
Olig-2
ExN-L5-2
Olig-2
ExN-L6-2
Endo-1
ExN-L6-2
Olig-2
OPC
ExN-L6-2
ExN-L6-2
Olig-2
ExN-L6-2
ExN-L6-2
ExN-L6-1
Olig-2
Astro-1
InN-Sst-2
Micro-1
Micro-2
Peri-1
ExN-L6-2
Olig-2
ExN-L6-2
ExN-L6-2
ExN-L6-2
Astro-1
Olig-2
ExN-L6-2
ExN-L6-3
Olig-2
Olig-2
Astro-1
ExN-L6-3
Olig-2
Olig-2
Olig-2
Astro-1
ExN-L6-2
Endo-1
Olig-2
Endo-1
ExN-L6-3
Olig-2
Olig-2
ExN-L6-3
Olig-2
Olig-2
Olig-2
ExN-L6-3
ExN-L6-2
ExN-L6-3
Olig-2
Endo-3
Olig-2
ExN-L6-3
Olig-2
ExN-L6-3
ExN-L6-3
Endo-3
Olig-2
ExN-L6-2
Olig-2
Olig-2
ExN-L6-3
ExN-L6-2
Olig-2
ExN-L5-2
Olig-2
Olig-1
ExN-L6-2
Olig-2
InN-Sst-1
ExN-L6-2
Olig-2
Olig-2
Olig-2
ExN-L6-1
Astro-1
OPC
Astro-1
Olig-2
Endo-3
ExN-L6-3
Astro-1
Olig-3
Olig-2
Olig-2
ExN-L6-3
Olig-2
Olig-2
Olig-2
Olig-2
Olig-2
Olig-2
Olig-2
ExN-L6-1
Astro-2
Endo-1
Olig-2
Olig-2
Olig-2
Olig-2
Olig-3
Olig-2
ExN-L6-2
InN-Sst-2
Olig-2
Olig-2
Olig-2
Olig-2
Olig-2
Olig-2
Olig-2
Olig-2
Olig-3
Olig-2
Olig-2
Olig-2
Olig-3
Olig-2
Olig-2
Astro-1
Olig-2
Astro-2
Olig-2
Olig-2
Olig-3
Olig-2
ExN-L6-3
Olig-2
ExN-L6-3
Olig-2
Olig-2
Olig-3
Olig-2
Olig-2
Olig-2
Olig-2
ExN-L6-2
Olig-2
Olig-2
ExN-L6-3
Olig-2
Olig-2
Endo-1
Olig-2
Olig-2
ExN-L6-3
Olig-2
Olig-2
Olig-2
T cell
Olig-2
Olig-3
Olig-2
Olig-2
Olig-2
Olig-3
Olig-2
Olig-2
Olig-2
Olig-2
Olig-3
Olig-2
Olig-2
Olig-3
Olig-2
Olig-3
Olig-2
Olig-3
Olig-2
Olig-3
Olig-2
Olig-3
Olig-2
Olig-2
Olig-2
Olig-2
Olig-2
Olig-2
Olig-2
Astro-1
Olig-2
Olig-2
Olig-2
Olig-2
Micro-1
Olig-2
Olig-2
Olig-3
Olig-2
Olig-2
Olig-2
Olig-2
Olig-2
Olig-2
Olig-2
Olig-3
Astro-2
Olig-2
Endo-3
Olig-2
Olig-3
Olig-3
Olig-3
Olig-2
Olig-2
Olig-2
Olig-2
Olig-2
Olig-2
Olig-3
Olig-2
Olig-2
Olig-3
Olig-2
Astro-2
Olig-2
Olig-2
Olig-3
Olig-2
Olig-3
Olig-2
Olig-3
Olig-2
Astro-2
Micro-1
Olig-3
Olig-2
Olig-2
Astro-2
Olig-2
Olig-2
Olig-2
Micro-3
Olig-2
Olig-2
Olig-2
Olig-1
Olig-3
Olig-2
Astro-2
Olig-2
Olig-3
Olig-2
Olig-2
Olig-2
Olig-2
Olig-2
Olig-1
Olig-3
Olig-2
Astro-1
Olig-3
Olig-2
Olig-3
Olig-2
Olig-3
Astro-2
Olig-2
Olig-2
Olig-2
MSN-D2
Olig-2
Micro-2
Olig-2
Olig-2
Olig-2
Olig-2
Astro-1
Olig-3
MSN-D1-1
Olig-2
Olig-3
Olig-3
Olig-2
Olig-3
Olig-2
Olig-2
Olig-2
Olig-3
MSN-D1-1
Olig-2
Olig-2
MSN-D2
Olig-3
Olig-2
Micro-2
Olig-2
Olig-2
MSN-D2
Astro-1
Olig-2
Olig-3
Olig-2
MSN-D2
MSN-D1-1
Olig-2
Olig-2
Olig-2
Olig-2
Olig-3
Olig-2
Olig-3
Olig-3
Olig-2
Olig-2
Olig-2
Olig-2
Olig-2
Olig-2
Olig-2
Olig-1
Olig-2
Olig-2
Olig-2
InN-Pvalb-1
OPC
Olig-3
Olig-2
Olig-2
Micro-2
Astro-1
MSN-D2
Olig-2
Olig-3
Olig-2
Olig-2
Endo-1
MSN-D1-1
Olig-2
Olig-2
Olig-2
Olig-2
MSN-D2
Olig-3
Olig-2
Olig-2
MSN-D2
ExN-L6-1
Olig-2
Olig-2
Olig-3
Olig-2
Olig-2
ExN-L6-1
Olig-2
Olig-2
Olig-2
Olig-2
Olig-2
Olig-2
MSN-D2
Peri-1
Olig-2
Olig-1
Olig-2
Olig-2
Olig-2
Olig-2
Olig-2
Olig-2
Olig-2
Olig-2
Olig-3
Olig-2
Astro-2
OPC
Olig-2
Micro-2
Olig-2
Olig-2
Olig-3
Olig-2
Astro-1
Astro-1
Astro-2
Micro-1
Astro-1
Olig-2
Olig-2
Olig-2
Olig-2
Olig-2
Olig-2
Olig-2
Olig-2
Olig-2
Olig-2
Olig-2
Olig-2
Olig-2
Olig-2
Endo-3
ExN-L5-2
Olig-2
Endo-3
Olig-2
Olig-1
Astro-1
Olig-2
Olig-2
Olig-1
Olig-1
Olig-2
Micro-1
Olig-2
InN-Vip
Olig-2
Peri-1
ExN-L6-1
Olig-2
Olig-2
Olig-2
Astro-1
ExN-L5-2
Olig-2
Olig-2
ExN-L6-1
Olig-2
Olig-2
Astro-1
Olig-2
ExN-L6-1
ExN-L6-2
ExN-L6-2
Olig-2
Olig-2
Olig-2
Micro-1
ExN-L6-3
ExN-L6-1
Olig-2
ExN-L6-1
Olig-2
ExN-L6-3
InN-Pvalb-2
ExN-L6-1
ExN-L6-1
Peri-1
Olig-1
Olig-2
ExN-L6-1
ExN-L6-1
ExN-L6-2
InN-Pvalb-2
ExN-L6-1
Astro-1
Olig-2
Olig-2
Astro-1
Olig-2
OPC
Olig-2
ExN-L6-2
OPC
ExN-L6-3
ExN-L6-1
Olig-2
ExN-L6-3
ExN-L5-2
Olig-2
Olig-2
ExN-L6-3
ExN-L6-2
ExN-L6-2
ExN-L6-1
ExN-L6-1
InN-Calb2-1
Olig-2
ExN-L6-2
ExN-L6-3
Olig-2
Astro-1
ExN-L6-1
Endo-1
Olig-2
Endo-1
ExN-L6-2
InN-Pvalb-2
Endo-1
ExN-L6-2
ExN-L6-2
ExN-L6-1
Peri-1
ExN-L6-1
OPC
ExN-L6-1
ExN-L6-3
ExN-L6-2
Olig-2
Olig-2
ExN-L6-2
Olig-2
ExN-L6-2
ExN-L6-2
InN-Sst-2
Olig-2
ExN-L6-1
ExN-L6-2
ExN-L6-2
Olig-2
ExN-L6-1
ExN-L6-2
ExN-L6-2
ExN-L6-3
ExN-L6-3
Olig-2
InN-Pvalb-3
ExN-L5-2
Endo-1
InN-Pvalb-2
Olig-2
Olig-2
ExN-L2/3-2
Olig-2
Micro-1
ExN-L6-1
ExN-L6-1
Astro-1
ExN-L6-1
Peri-1
ExN-L6-3
ExN-L6-1
Olig-2
Olig-2
Endo-2
Peri-1
ExN-L6-1
ExN-L6-1
ExN-L2/3-1
Olig-2
ExN-L6-1
ExN-L6-3
ExN-L6-2
ExN-L6-2
ExN-L6-3
Olig-2
ExN-L6-1
Endo-3
ExN-L6-3
ExN-L6-1
Astro-1
ExN-L6-2
ExN-L5-1
ExN-L5-1
ExN-L6-2
Astro-1
ExN-L6-2
ExN-L5-1
ExN-L6-1
Endo-2
ExN-L5-1
Endo-1
Olig-2
Endo-1
Astro-1
InN-Sst-1
ExN-L5-1
ExN-L6-2
Astro-1
Olig-2
Olig-2
ExN-L6-3
Olig-2
InN-Sst-1
Astro-1
ExN-L6-2
ExN-L6-2
Olig-2
ExN-L5-1
Olig-2
ExN-L5-1
ExN-L6-2
Olig-2
Olig-2
Olig-2
ExN-L6-2
Micro-2
ExN-L6-2
ExN-Olf
OPC
Endo-1
Olig-2
Olig-2
Olig-2
ExN-L2/3-2
Peri-1
OPC
Astro-1
ExN-L2/3-1
ExN-L2/3-1
ExN-L5-1
ExN-L5-2
Endo-1
InN-Sst-1
Olig-2
InN-Pvalb-2
ExN-L5-1
ExN-L5-2
InN-Pvalb-1
ExN-L5-1
InN-Calb2-1
Endo-1
ExN-L5-1
ExN-L6-2
ExN-L5-1
ExN-L5-1
Olig-2
Micro-3
Olig-2
ExN-L2/3-2
ExN-L5-3
Peri-1
Endo-1
Astro-1
Micro-1
Olig-2
ExN-L5-2
InN-Pvalb-2
Olig-2
ExN-L5-3
Peri-1
Endo-3
Endo-1
InN-Pvalb-1
Endo-1
ExN-L5-3
ExN-L5-3
ExN-L5-3
ExN-L5-1
Endo-1
ExN-L5-1
ExN-L5-1
ExN-L5-1
Endo-3
Olig-2
ExN-L5-3
ExN-L6-1
InN-Pvalb-1
OPC
Olig-2
Astro-1
ExN-L6-1
Olig-2
ExN-L5-2
ExN-L5-2
Peri-1
ExN-L6-1
InN-Pvalb-2
InN-Sst-2
Endo-3
ExN-L6-1
InN-Pvalb-2
InN-Pvalb-2
ExN-L6-1
InN-Pvalb-3
Olig-2
InN-Pvalb-1
ExN-L6-1
Olig-2
ExN-L6-1
ExN-L6-1
Endo-1
Micro-3
Astro-1
ExN-L5-2
Olig-2
Peri-1
Endo-3
ExN-L2/3-2
ExN-L5-1
InN-Pvalb-2
Endo-1
Olig-2
ExN-L6-1
Endo-2
ExN-L5-3
Astro-1
Endo-3
ExN-L5-3
Endo-2
InN-Sst-1
InN-Pvalb-2
Micro-1
InN-Pvalb-2
Endo-1
ExN-L6-1
Olig-2
ExN-L6-2
Endo-3
Astro-1
ExN-L6-2
Olig-2
ExN-L6-1
InN-Pvalb-1
ExN-L5-2
InN-Pvalb-1
Olig-2
ExN-L5-2
Vlmc
Olig-2
Endo-1
Olig-2
ExN-L6-1
Olig-2
Olig-2
Peri-1
ExN-L6-2
ExN-L5-2
ExN-L6-2
Astro-1
Olig-2
ExN-L6-2
ExN-L2/3-1
Olig-2
ExN-L6-2
ExN-L5-2
ExN-L6-1
Olig-2
ExN-L6-1
Endo-3
ExN-L5-2
ExN-L6-1
ExN-L6-2
ExN-L6-1
ExN-L5-3
Endo-1
Micro-1
Olig-2
ExN-L6-2
Olig-2
ExN-L6-2
ExN-L6-2
Olig-2
Olig-2
Olig-2
Micro-1
Olig-2
Astro-1
Astro-1
ExN-L6-2
Olig-2
Peri-1
InN-Pvalb-1
Micro-1
ExN-L6-2
ExN-L5-1
ExN-L5-1
ExN-L6-1
ExN-L6-1
InN-Pvalb-1
Micro-1
InN-Sst-2
InN-Pvalb-1
Olig-2
Astro-1
ExN-L5-2
ExN-L6-2
ExN-L6-1
ExN-L6-2
Astro-1
Endo-1
ExN-L6-1
ExN-L6-2
ExN-L6-2
Olig-2
Olig-2
ExN-Olf
Peri-1
Olig-2
Olig-2
ExN-L6-2
ExN-L6-1
Peri-1
Olig-2
ExN-L6-1
ExN-L6-1
ExN-L6-1
ExN-L6-2
Micro-1
OPC
Endo-2
ExN-L6-2
ExN-L6-2
Olig-2
Peri-1
ExN-L6-2
InN-Sst-2
ExN-L6-2
ExN-L6-2
ExN-L6-2
InN-Calb2-1
ExN-L5-2
Micro-1
InN-Sst-2
ExN-L6-2
Endo-1
Olig-2
Olig-2
ExN-L6-2
Micro-1
ExN-L6-1
ExN-L5-2
ExN-L6-2
Micro-1
Olig-2
Endo-3
Olig-2
ExN-L6-2
ExN-L6-2
ExN-L6-1
ExN-L6-2
Olig-2
InN-Calb2-1
Endo-1
Endo-2
ExN-L6-2
ExN-L6-1
Astro-1
ExN-L6-2
OPC
ExN-L6-2
ExN-L6-2
ExN-L6-2
Olig-2
ExN-L6-2
Astro-1
ExN-L6-2
ExN-L6-2
ExN-L6-1
ExN-L6-2
ExN-L6-2
ExN-L6-1
ExN-L5-2
ExN-L6-2
ExN-L6-2
ExN-L6-2
Olig-2
MSN-D1-1
Endo-3
ExN-L6-2
ExN-L6-2
ExN-L5-2
Olig-2
Olig-2
Olig-2
Astro-2
InN-Sst-1
Olig-2
ExN-L6-2
ExN-L6-2
Astro-1
ExN-L6-2
Micro-1
Olig-2
Olig-2
InN-Lamp5
ExN-L5-2
Olig-2
ExN-L6-2
ExN-L5-2
ExN-L6-2
Olig-2
ExN-L6-2
ExN-L6-3
Endo-3
Olig-2
Olig-2
ExN-L6-1
Olig-2
Olig-2
ExN-L6-1
ExN-L6-1
Olig-2
ExN-L6-2
InN-Pvalb-1
ExN-L6-2
InN-Calb2-1
ExN-L6-2
Astro-1
Micro-3
Endo-1
Astro-1
ExN-L5-2
Olig-2
ExN-L6-2
ExN-L5-2
ExN-L6-2
ExN-L6-3
Peri-1
ExN-L6-2
InN-Sst-1
ExN-L6-2
Olig-2
ExN-L6-1
Peri-1
Endo-1
ExN-L6-3
ExN-L6-1
ExN-L6-3
Olig-1
Olig-1
ExN-L6-3
Olig-2
Endo-1
ExN-L6-2
ExN-L6-1
Olig-2
Micro-1
ExN-L6-3
Olig-2
Astro-1
ExN-L6-2
Endo-1
Olig-2
ExN-L6-2
ExN-L6-2
ExN-L6-3
OPC
ExN-L6-3
Olig-2
ExN-L6-3
ExN-L6-2
InN-Sst-1
Astro-2
Astro-1
ExN-L6-3
OPC
ExN-L6-1
Endo-1
Olig-2
Olig-2
Micro-1
ExN-L6-2
InN-Lamp5
Olig-2
ExN-L6-3
Endo-3
Micro-1
Olig-2
Olig-2
InN-Pvalb-3
Peri-1
Olig-2
Olig-2
ExN-L6-1
InN-Vip
InN-Lhx6
Olig-2
ExN-L6-3
Astro-1
Endo-1
Micro-3
Astro-1
Olig-2
InN-Pvalb-2
ExN-L6-3
Astro-1
Endo-1
Olig-1
Olig-2
Peri-1
Astro-2
Olig-2
Olig-2
Olig-2
Olig-2
Micro-1
Olig-2
Olig-2
Olig-2
Olig-2
Olig-2
Olig-2
ExN-L6-3
ExN-L5-2
Olig-2
Olig-2
Olig-3
Micro-1
Olig-2
Olig-2
Olig-2
Olig-2
Olig-3
Olig-2
Olig-2
ExN-L6-3
Olig-2
Endo-1
Olig-3
Olig-2
Olig-2
Astro-1
Peri-1
Olig-2
Olig-2
Olig-2
Olig-2
Olig-3
Endo-3
Olig-2
Olig-2
InN-Calb2-2
Olig-2
Olig-1
Olig-2
Olig-2
Olig-3
Olig-3
Micro-3
Olig-2
Olig-2
Olig-2
Olig-2
Olig-2
Olig-2
Olig-3
Olig-2
Olig-2
Endo-2
Olig-2
Olig-2
Olig-2
Olig-2
Olig-2
Olig-2
Olig-3
Olig-2
Olig-2
Olig-3
Olig-2
Peri-1
Olig-2
Olig-2
Olig-2
Olig-3
Olig-2
Olig-2
Olig-2
Olig-2
Olig-2
Olig-2
Olig-2
Olig-2
Olig-3
Olig-2
Olig-2
Olig-2
Olig-3
Olig-2
Olig-2
Olig-2
Olig-3
Astro-2
Olig-3
Olig-2
Olig-2
Astro-2
Olig-2
Olig-2
Olig-2
Olig-3
Olig-2
Olig-3
Olig-2
Olig-2
Olig-2
OPC
Olig-3
Olig-3
Olig-2
Olig-2
Astro-2
Olig-3
Olig-2
Olig-2
Olig-2
Olig-2
Olig-2
Olig-2
Olig-3
Olig-2
Olig-3
Peri-1
Olig-2
Peri-1
Olig-2
Olig-2
Olig-2
Endo-1
Micro-1
Olig-2
Olig-2
Olig-2
Olig-3
Micro-3
Micro-1
Olig-2
Epen
Olig-2
Olig-2
Olig-2
Astro-2
Olig-3
Olig-2
Olig-2
Olig-2
Olig-2
Olig-2
Olig-2
Olig-2
Olig-3
Olig-2
Olig-2
Endo-1
Olig-2
Astro-1
Olig-2
Olig-2
Astro-2
Olig-2
OPC
Astro-1
OPC
Olig-2
Micro-2
Olig-2
Olig-2
Astro-2
MSN-D2
MSN-D2
Endo-3
Olig-2
Astro-2
Olig-2
Micro-1
Olig-2
Astro-2
Astro-1
Astro-1
Olig-2
Endo-2
Astro-2
Astro-1
Astro-1
Olig-2
Olig-2
Olig-2
Olig-2
Olig-2
Olig-2
Olig-2
Astro-1
Micro-3
MSN-D1-1
Astro-1
MSN-D1-1
MSN-D2
Olig-3
Olig-2
MSN-D2
MSN-D2
MSN-D2
Peri-1
Olig-2
MSN-D1-1
Micro-1
MSN-D2
MSN-D2
Micro-1
OPC
MSN-D1-1
MSN-D1-1
Endo-1
Endo-3
MSN-D2
MSN-D2
MSN-D1-1
MSN-D2
Olig-2
Astro-1
Astro-1
Olig-3
Olig-2
MSN-D2
MSN-D1-1
MSN-D2
Olig-2
MSN-D2
MSN-D2
Endo-2
MSN-D2
MSN-D1-1
MSN-D2
MSN-D1-1
Olig-3
Endo-1
MSN-D1-1
MSN-D1-1
MSN-D2
Olig-2
MSN-D2
Endo-1
MSN-D2
Endo-2
MSN-D2
Olig-2
MSN-D2
Astro-2
MSN-D1-1
MSN-D2
MSN-D1-1
MSN-D2
Astro-2
MSN-D1-1
Astro-1
MSN-D2
MSN-D2
Astro-1
MSN-D2
Endo-1
Olig-2
MSN-D1-1
MSN-D2
Olig-2
MSN-D1-2
Micro-2
Olig-1
Olig-2
MSN-D1-1
Endo-1
Olig-1
Olig-2
MSN-D1-1
Micro-3
MSN-D2
MSN-D2
MSN-D1-1
MSN-D1-1
MSN-D2
Olig-2
MSN-D2
InN-Olf-2
MSN-D1-2
Olig-2
MSN-D1-1
ExN-L6-3
MSN-D1-1
MSN-D1-1
Olig-2
InN-Calb2-2
MSN-D2
Micro-3
ExN-L6-3
Astro-1
MSN-D1-1
MSN-D2
Olig-2
Astro-1
MSN-D2
Olig-2
MSN-D2
MSN-D2
Astro-1
Olig-2
MSN-D1-1
InN-Calb2-2
MSN-D2
InN-Olf-2
Olig-2
MSN-D2
Olig-2
Endo-1
MSN-D2
MSN-D1-1
Olig-2
Olig-2
MSN-D1-1
Olig-2
Micro-1
MSN-D2
MSN-D1-1
MSN-D2
Olig-2
MSN-D2
MSN-D2
Olig-1
Astro-2
Olig-2
Olig-2
Olig-2
Micro-2
Olig-3
Olig-3
Olig-2
Olig-3
Micro-1
Olig-2
Micro-2
Olig-2
Olig-2
Olig-2
Peri-1
Olig-2
ExN-L6-1
Olig-2
ExN-L6-1
ExN-L6-3
Micro-3
ExN-L6-1
Olig-2
Olig-2
Endo-1
Olig-2
Olig-2
Endo-1
Astro-2
ExN-L6-1
Olig-2
Olig-2
Olig-2
Olig-2
Olig-2
Olig-2
Micro-1
Olig-2
Astro-1
Olig-2
Olig-2
Astro-1
Olig-2
Olig-2
Olig-3
Olig-2
Olig-3
ExN-L5-2
Olig-2
ExN-L6-1
Olig-2
ExN-L6-1
ExN-L5-2
InN-Sst-1
ExN-L6-1
Olig-2
ExN-L6-1
Endo-3
Olig-2
Astro-1
Astro-1
Astro-1
Olig-2
Olig-2
ExN-L5-2
ExN-L6-3
ExN-L6-1
Peri-1
Olig-2
Olig-2
ExN-L6-1
Olig-2
ExN-L6-1
OPC
Olig-2
Olig-2
Olig-2
ExN-L6-3
ExN-L6-1
Astro-1
Olig-2
InN-Lamp5
ExN-L6-3
Olig-2
Endo-1
ExN-L6-2
Olig-2
Olig-2
Olig-2
InN-Pvalb-2
Olig-2
Endo-2
Olig-2
ExN-L6-1
ExN-L6-1
Olig-2
Endo-1
ExN-L6-3
OPC
Olig-2
ExN-L6-1
ExN-L6-1
ExN-L6-1
ExN-L6-1
Olig-2
ExN-L6-1
ExN-L6-1
ExN-L6-1
Olig-2
Olig-1
Olig-2
ExN-L6-1
ExN-L6-2
Olig-2
ExN-L6-2
InN-Sst-1
ExN-L6-2
Astro-1
ExN-L5-2
ExN-L6-2
ExN-Olf
OPC
Olig-2
InN-Lamp5
Micro-1
ExN-L6-2
ExN-L6-2
ExN-L6-1
ExN-L5-1
ExN-L6-2
ExN-L6-1
ExN-L6-1
InN-Sst-1
Endo-1
Astro-1
InN-Sst-1
Olig-2
Micro-1
ExN-L6-1
Astro-1
ExN-L6-1
ExN-L6-1
ExN-L6-2
Endo-3
Astro-1
Endo-1
ExN-L6-1
ExN-L6-1
ExN-L6-2
Astro-1
InN-Sst-2
ExN-L6-1
ExN-L6-1
ExN-L6-1
Micro-3
ExN-L6-3
ExN-L6-1
ExN-L6-2
OPC
OPC
OPC
ExN-L6-2
ExN-L6-1
ExN-L5-2
ExN-L6-2
Endo-1
ExN-L6-2
ExN-L6-1
ExN-L6-2
ExN-L6-2
ExN-L6-2
InN-Pvalb-2
Endo-1
ExN-L6-2
ExN-L6-2
ExN-L6-1
ExN-L6-2
Olig-2
Olig-2
ExN-L6-2
InN-Sst-1
Endo-1
ExN-L5-2
ExN-L6-3
Olig-2
InN-Pvalb-1
Peri-1
Astro-2
Vlmc
OPC
ExN-L6-2
ExN-L6-2
ExN-L6-2
ExN-L6-2
ExN-L6-3
Endo-2
Olig-3
ExN-L6-1
InN-Sst-1
OPC
Endo-2
Endo-1
ExN-L6-2
ExN-L6-2
Astro-1
ExN-L6-2
OPC
Astro-1
ExN-L6-2
ExN-L6-2
ExN-L6-2
Endo-2
ExN-L6-2
ExN-L6-2
ExN-L6-2
InN-Sst-1
Endo-3
InN-Calb2-1
Micro-1
Endo-1
InN-Pvalb-2
Micro-1
Endo-1
ExN-L6-1
ExN-L5-3
Olig-2
Olig-2
OPC
Olig-2
Olig-2
ExN-L6-3
InN-Sst-2
Endo-1
OPC
Olig-2
ExN-L6-2
ExN-L5-3
Micro-1
Micro-2
Olig-2
Olig-2
InN-Sst-1
Olig-2
InN-Sst-1
Endo-1
ExN-L6-3
Olig-2
Olig-2
ExN-L5-2
Olig-2
Astro-1
Olig-2
Olig-2
Olig-2
Olig-2
ExN-L6-3
Micro-1
Olig-2
ExN-L6-3
Micro-1
Astro-1
InN-Sst-2
Olig-2
ExN-L2/3-1
Micro-1
Endo-2
InN-Vip
InN-Pvalb-1
ExN-L2/3-1
Olig-2
ExN-L2/3-1
Endo-1
ExN-L5-1
ExN-L2/3-2
ExN-L2/3-2
ExN-L2/3-1
ExN-L2/3-2
Astro-1
ExN-L2/3-1
ExN-L2/3-2
InN-Calb2-1
ExN-L2/3-1
Astro-1
ExN-L2/3-1
ExN-L2/3-2
Vlmc
ExN-L2/3-1
InN-Pvalb-2
ExN-L2/3-2
ExN-L2/3-1
ExN-L2/3-2
InN-Pvalb-2
ExN-L2/3-1
Endo-3
ExN-L2/3-1
ExN-L2/3-1
ExN-L2/3-1
Astro-1
Endo-1
ExN-L2/3-1
ExN-L2/3-2
InN-Sst-1
ExN-L5-1
ExN-L2/3-2
InN-Pvalb-1
Vlmc
ExN-L5-1
ExN-L5-1
ExN-L5-1
ExN-L2/3-1
ExN-L2/3-1
ExN-L2/3-1
ExN-L5-2
Astro-1
Endo-3
ExN-L2/3-1
Astro-1
ExN-L2/3-1
ExN-L2/3-1
ExN-L2/3-2
ExN-L2/3-1
Astro-1
OPC
ExN-L5-1
ExN-Olf
ExN-L2/3-2
OPC
InN-Pvalb-1
Olig-2
Peri-1
ExN-L5-1
ExN-L5-1
ExN-L5-2
Astro-1
ExN-L2/3-2
Olig-2
ExN-L6-1
ExN-L5-1
InN-Pvalb-2
OPC
Olig-2
ExN-L2/3-1
InN-Pvalb-1
Olig-2
ExN-L5-1
ExN-L5-1
ExN-L2/3-2
Olig-2
ExN-L5-1
Astro-1
OPC
ExN-L5-1
ExN-L5-2
ExN-L5-1
Endo-1
Endo-1
Astro-1
ExN-L5-1
Endo-1
Endo-3
InN-Pvalb-3
ExN-L5-1
ExN-L2/3-2
InN-Sst-1
Endo-1
ExN-L5-1
Olig-2
ExN-L5-2
Endo-1
Peri-1
InN-Sst-1
Endo-1
Endo-1
ExN-L5-1
ExN-L5-1
ExN-L5-1
ExN-L5-1
Olig-2
ExN-L5-2
Endo-1
InN-Pvalb-1
ExN-L5-3
Olig-2
InN-Pvalb-2
ExN-L6-1
ExN-L6-2
InN-Pvalb-2
Olig-2
InN-Pvalb-2
Olig-2
InN-Pvalb-2
Astro-1
ExN-L5-3
Olig-2
Endo-3
ExN-L5-2
Olig-2
ExN-L2/3-2
ExN-L5-1
InN-Pvalb-2
ExN-L5-2
ExN-L5-3
ExN-L5-1
ExN-L5-1
ExN-L5-2
Peri-1
OPC
Olig-2
Olig-2
ExN-L6-1
ExN-L5-3
InN-Sst-1
ExN-L5-1
Endo-1
Olig-2
ExN-L5-3
InN-Sst-1
ExN-L5-2
ExN-L5-1
ExN-L5-3
ExN-L5-1
ExN-L6-1
InN-Pvalb-1
InN-Sst-1
ExN-L5-1
ExN-L5-2
ExN-L6-1
ExN-L6-1
ExN-L5-1
Olig-2
Olig-2
ExN-L5-2
Olig-2
Peri-1
Olig-1
ExN-L5-2
OPC
ExN-L6-1
Olig-2
Endo-3
ExN-L6-2
Olig-2
ExN-L5-3
Micro-3
Olig-2
Peri-1
ExN-L6-1
InN-Pvalb-1
Olig-2
ExN-L5-2
InN-Pvalb-2
Astro-1
ExN-L6-1
Olig-2
ExN-L5-2
ExN-L6-1
Olig-2
ExN-L5-3
Olig-2
ExN-L5-2
Olig-1
ExN-L6-2
Endo-3
Astro-1
Olig-2
ExN-L6-1
ExN-L5-2
ExN-L5-2
ExN-L6-2
Olig-2
Astro-1
Olig-2
OPC
ExN-L2/3-1
InN-Pvalb-2
ExN-L5-2
Astro-1
Astro-1
Endo-1
Peri-2
ExN-L6-2
ExN-L6-1
Olig-2
ExN-L6-1
Micro-2
ExN-L6-1
Micro-2
ExN-L6-1
Olig-2
OPC
ExN-L6-2
ExN-L5-2
ExN-L6-2
ExN-L6-2
Endo-1
ExN-L6-2
ExN-L6-2
Olig-2
ExN-L6-2
ExN-L5-3
Olig-2
ExN-L6-1
Olig-2
Astro-1
ExN-L6-2
ExN-L6-2
Micro-3
Olig-2
Astro-1
Micro-1
ExN-L6-2
Peri-1
ExN-L6-1
Olig-2
Endo-2
ExN-L5-2
ExN-L5-2
Olig-2
ExN-L5-2
Endo-1
ExN-L6-2
ExN-L6-1
Astro-1
ExN-L5-2
Astro-1
ExN-L6-2
ExN-L6-2
Olig-2
InN-Sst-2
ExN-L6-2
Olig-3
InN-Pvalb-2
ExN-L6-2
Endo-1
Olig-2
ExN-L6-2
Peri-1
Astro-1
ExN-L6-2
ExN-L5-2
Olig-2
ExN-L6-2
Olig-2
ExN-L6-2
ExN-L6-3
ExN-L6-1
Astro-1
Micro-1
Olig-2
ExN-L6-2
Olig-2
Astro-1
ExN-L6-2
ExN-L6-1
ExN-L6-2
Olig-2
ExN-L6-1
ExN-L6-2
Astro-1
ExN-L6-3
ExN-L6-2
ExN-L6-2
ExN-L6-2
ExN-L6-2
Endo-1
Astro-1
ExN-L6-2
Olig-2
Astro-1
ExN-L6-1
ExN-L6-2
ExN-L6-2
ExN-L5-2
Peri-1
ExN-L6-2
ExN-L5-2
ExN-L6-2
ExN-L6-2
Astro-1
Olig-1
ExN-L6-1
ExN-L6-2
ExN-L6-2
ExN-L6-2
Astro-1
Olig-2
ExN-L6-2
ExN-L6-3
ExN-L6-2
ExN-L6-1
ExN-L6-2
ExN-L6-2
Olig-1
Peri-1
ExN-L6-2
ExN-L6-3
Micro-3
OPC
Olig-2
InN-Pvalb-1
ExN-L5-2
ExN-L6-2
Astro-1
ExN-L6-2
Endo-3
ExN-L6-2
Olig-2
ExN-L6-2
Olig-2
ExN-L6-2
Micro-3
Micro-1
Olig-2
Olig-1
Olig-2
ExN-L5-2
Olig-1
ExN-L6-2
ExN-L6-3
Olig-2
OPC
Astro-1
Endo-1
InN-Calb2-1
Astro-1
Micro-1
ExN-L6-1
Astro-1
Astro-1
ExN-L6-2
ExN-L6-2
ExN-L6-2
Macro
Endo-1
ExN-L6-2
ExN-L6-2
Endo-1
Endo-1
ExN-L6-2
Olig-3
ExN-L6-3
ExN-L6-3
InN-Lamp5
Olig-2
ExN-L6-2
Astro-1
Olig-3
Olig-2
Astro-1
Endo-1
Olig-2
Olig-2
ExN-L6-2
Astro-1
Micro-1
Olig-2
Astro-1
Micro-2
Olig-2
Astro-1
Olig-2
Astro-1
Endo-1
ExN-L6-3
ExN-L6-3
InN-Lamp5
Olig-2
Olig-2
Olig-2
ExN-L6-2
Astro-1
ExN-L6-2
ExN-L6-3
ExN-L6-2
Olig-2
Olig-2
ExN-L6-3
InN-Lhx6
Olig-2
Endo-1
InN-Pvalb-3
ExN-L6-3
OPC
Endo-2
Micro-1
Olig-2
Olig-2
OPC
Micro-3
Astro-1
Olig-1
Olig-2
Astro-2
Olig-2
Olig-2
Olig-2
Endo-3
Olig-2
Astro-2
Olig-2
Endo-1
Olig-2
Olig-2
Olig-2
Astro-1
Astro-1
Olig-3
Olig-3
Olig-2
Astro-1
Olig-2
Olig-3
Astro-1
InN-Lamp5
Olig-2
Olig-2
Micro-3
Olig-2
Olig-3
Astro-1
Olig-2
Olig-2
Olig-3
Olig-2
Olig-2
Olig-2
Olig-2
Olig-2
Olig-3
Olig-2
Micro-2
Olig-2
Astro-1
Olig-2
Olig-2
Olig-2
Olig-2
Olig-2
Olig-2
Olig-2
Olig-2
Micro-2
Olig-2
Olig-2
Olig-3
Olig-3
Olig-3
Olig-2
Olig-2
Olig-2
Olig-3
Olig-2
Olig-2
Olig-2
Astro-2
Astro-2
Micro-1
Astro-2
Epen
Olig-2
Olig-2
Olig-2
Olig-2
Olig-3
Olig-2
Olig-2
Olig-2
Olig-2
ExN-L6-1
Olig-2
Olig-2
Olig-2
Olig-3
Olig-3
Olig-2
Micro-1
Olig-2
Olig-2
Olig-2
Astro-2
Olig-2
Micro-2
Olig-3
Olig-3
Olig-3
Olig-2
Olig-2
Olig-3
Astro-2
Olig-3
Olig-2
Olig-2
Olig-2
Olig-2
Olig-2
Olig-2
Olig-3
Olig-3
Olig-3
Olig-2
Olig-2
Olig-2
Peri-1
Olig-2
Olig-2
Olig-2
Olig-2
Olig-2
Olig-2
Olig-2
Olig-3
Olig-2
Olig-3
Epen
Endo-1
Olig-2
Olig-2
Olig-2
Olig-3
Olig-3
Olig-2
Olig-3
Olig-3
Astro-1
Olig-2
Astro-2
Olig-1
Olig-3
Astro-2
Olig-3
Olig-2
Astro-2
Olig-2
Olig-2
Olig-2
Olig-2
Olig-2
Peri-1
Olig-2
Olig-2
MSN-D2
Olig-2
InN-Calb2-2
Olig-2
Olig-2
Astro-2
MSN-D2
Olig-2
MSN-D1-2
MSN-D2
Astro-2
MSN-D2
Olig-2
Olig-2
Olig-2
Olig-2
Olig-2
InN-Calb2-2
MSN-D1-1
Olig-2
Micro-2
OPC
Olig-2
Olig-2
Olig-3
ExN-L6-1
Olig-3
Astro-1
Endo-1
MSN-D2
Astro-2
Peri-1
Astro-2
Olig-2
MSN-D2
Olig-2
Olig-2
Olig-2
MSN-D2
Endo-1
MSN-D1-1
Olig-2
MSN-D2
Olig-2
Olig-2
Olig-2
Endo-1
Endo-2
Olig-2
Astro-1
MSN-D2
OPC
MSN-D1-1
MSN-D1-1
Vlmc
MSN-D1-2
Endo-1
Olig-3
MSN-D2
Astro-1
Olig-2
Olig-2
Vlmc
Micro-3
MSN-D1-1
Astro-2
Olig-2
MSN-D1-1
Vlmc
Astro-1
Olig-2
Vlmc
MSN-D2
MSN-D2
MSN-D1-1
Olig-2
MSN-D1-1
MSN-D1-2
MSN-D1-1
MSN-D1-1
MSN-D2
Endo-2
Olig-2
Vlmc
InN-Sst-1
MSN-D1-1
Endo-1
Olig-2
Astro-2
Olig-2
Olig-2
MSN-D2
Olig-2
Astro-2
Micro-1
Vlmc
Olig-2
MSN-D1-2
Endo-1
Olig-2
Olig-2
Endo-2
Astro-2
Micro-1
Endo-2
Endo-1
MSN-D2
MSN-D1-1
MSN-D1-1
MSN-D1-1
Micro-2
Micro-3
MSN-D1-2
MSN-D1-1
Olig-2
MSN-D2
ExN-L6-1
Olig-2
Olig-2
MSN-D2
MSN-D1-1
MSN-D1-1
MSN-D1-1
Olig-2
MSN-D1-1
Olig-2
Olig-2
MSN-D1-1
Endo-3
Astro-1
Peri-1
Olig-2
Olig-2
Olig-2
Olig-2
Olig-2
Endo-1
Endo-1
Olig-2
Olig-2
Olig-2
ExN-L6-1
MSN-D2
Astro-1
Olig-2
Olig-2
MSN-D1-1
Olig-2
MSN-D1-2
InN-Calb2-2
Astro-1
Olig-2
ExN-L6-1
Peri-1
Olig-3
Endo-3
Micro-1
InN-Sst-2
Olig-2
Astro-2
Olig-2
Astro-1
Olig-2
OPC
ExN-L6-1
Endo-1
Olig-2
Olig-2
Olig-2
Olig-2
Olig-2
Olig-2
Olig-2
Endo-1
ExN-L6-2
Olig-3
Olig-2
Endo-1
InN-Calb2-2
Olig-2
Olig-3
Olig-2
Olig-1
Peri-1
Olig-2
ExN-L5-2
Micro-1
Micro-1
Olig-2
Olig-2
ExN-L6-2
Astro-1
ExN-L6-2
Endo-3
Olig-2
ExN-L6-1
Olig-2
ExN-L6-2
Olig-2
Olig-2
Olig-2
Olig-2
Astro-1
Endo-1
Endo-3
Olig-2
Peri-1
InN-Sst-2
ExN-L6-1
Olig-2
Olig-2
ExN-L6-1
Astro-1
Endo-1
Micro-1
Astro-1
Astro-1
Astro-1
Astro-1
Micro-1
Olig-2
ExN-L5-2
Olig-2
Olig-2
Olig-2
ExN-Olf
Astro-1
Olig-2
Endo-3
Olig-2
Olig-2
ExN-L6-2
Olig-3
ExN-L6-3
Astro-1
Astro-1
Olig-2
ExN-L6-1
Olig-2
Olig-2
ExN-L6-1
OPC
Olig-2
Endo-1
ExN-L6-1
InN-Lamp5
ExN-L6-2
ExN-L6-2
Peri-1
ExN-L6-2
ExN-L6-1
ExN-L6-1
Peri-1
ExN-L6-1
ExN-L6-2
ExN-L6-2
ExN-L6-1
ExN-L6-1
ExN-L6-1
ExN-L6-1
ExN-L6-1
Astro-1
ExN-L6-1
ExN-L6-3
Astro-1
Astro-1
ExN-L6-3
OPC
ExN-L6-1
ExN-L6-1
ExN-L6-1
ExN-L6-1
ExN-L6-1
ExN-L6-3
ExN-L6-1
Micro-1
ExN-L6-1
ExN-L5-2
ExN-L6-1
Olig-2
ExN-L6-1
InN-Lamp5
Astro-1
Micro-1
ExN-L6-1
Micro-1
OPC
Astro-1
ExN-L6-2
Endo-1
ExN-L6-1
ExN-L6-1
Micro-1
Astro-1
ExN-L6-2
ExN-L6-2
ExN-L6-2
Olig-2
ExN-L6-1
ExN-L6-1
ExN-L6-1
Olig-2
ExN-L6-1
Olig-2
InN-Calb2-2
Olig-2
Endo-1
ExN-L6-1
ExN-L6-1
ExN-L6-1
ExN-L6-1
Olig-2
Olig-2
Endo-1
Olig-2
Micro-1
Olig-2
ExN-L6-3
ExN-L6-1
Astro-1
Micro-2
ExN-L6-3
ExN-L6-3
Endo-1
ExN-L6-2
ExN-L6-1
Olig-2
ExN-L6-1
InN-Pvalb-2
Olig-2
InN-Lamp5
Olig-2
Olig-2
Astro-1
ExN-L6-1
ExN-L6-1
Endo-3
ExN-L6-1
Astro-1
ExN-L6-3
Endo-3
InN-Pvalb-2
Micro-1
OPC
ExN-L6-1
ExN-L6-1
ExN-L6-1
Endo-1
OPC
ExN-L6-1
ExN-L6-1
ExN-Olf
Olig-2
ExN-L6-1
ExN-L6-3
ExN-L6-1
Olig-2
Olig-2
Endo-2
ExN-L6-1
ExN-L6-1
ExN-L6-2
Olig-2
Olig-1
ExN-L5-2
ExN-L6-3
Olig-3
ExN-L6-3
ExN-L6-1
ExN-L6-1
Micro-1
Olig-2
ExN-L6-1
Olig-2
Olig-2
ExN-L6-1
ExN-L6-1
ExN-L6-1
Olig-2
Endo-1
ExN-L6-1
Endo-1
ExN-L6-1
Olig-2
Olig-2
Endo-3
ExN-L6-1
Olig-2
ExN-L6-1
Olig-1
ExN-L6-1
InN-Pvalb-2
ExN-L6-1
ExN-L6-1
Astro-1
Olig-2
ExN-L6-1
Micro-1
Olig-2
Olig-2
Endo-1
Olig-2
ExN-L6-3
ExN-L6-3
Olig-2
Micro-3
Peri-1
ExN-L6-1
ExN-L6-3
ExN-L6-2
ExN-L6-1
ExN-L6-3
ExN-L6-3
Olig-2
Endo-2
OPC
InN-Lamp5
ExN-L2/3-1
ExN-L2/3-2
Peri-1
OPC
InN-Lamp5
Endo-2
ExN-L2/3-2
Micro-1
Endo-3
ExN-L2/3-1
Astro-2
InN-Lamp5
Olig-2
Astro-2
Astro-1
ExN-L2/3-1
Endo-3
Astro-2
InN-Lamp5
InN-Lamp5
Vlmc
ExN-L2/3-1
ExN-L2/3-1
Endo-1
Astro-1
Endo-1
ExN-L2/3-1
ExN-L2/3-1
ExN-L2/3-1
Astro-1
Astro-1
Micro-1
Astro-1
Olig-2
ExN-L6-1
ExN-L2/3-1
InN-Sst-1
Micro-1
ExN-L2/3-1
Astro-1
Micro-1
ExN-L2/3-2
ExN-L2/3-2
Olig-1
ExN-L2/3-1
ExN-L5-2
Astro-1
ExN-L2/3-1
ExN-L2/3-1
Endo-1
ExN-L2/3-2
Astro-1
Astro-1
ExN-L2/3-1
ExN-L5-1
ExN-L6-1
Micro-1
ExN-L2/3-1
ExN-L2/3-2
ExN-L2/3-2
ExN-L2/3-1
ExN-L2/3-1
Micro-1
InN-Sst-1
InN-Pvalb-3
ExN-L2/3-2
Micro-1
Micro-1
InN-Vip
ExN-L2/3-1
ExN-L2/3-1
ExN-L2/3-2
ExN-L2/3-1
Micro-2
ExN-L2/3-1
ExN-L2/3-2
ExN-L2/3-2
ExN-L6-1
ExN-L2/3-1
Olig-2
Micro-1
ExN-L2/3-2
ExN-L2/3-2
Astro-1
ExN-L2/3-1
ExN-L2/3-1
ExN-L2/3-2
Endo-1
Vlmc
Endo-1
ExN-L5-1
Olig-2
Endo-1
ExN-L2/3-1
InN-Vip
Peri-1
InN-Sst-1
Endo-1
Endo-2
ExN-L2/3-2
Astro-1
InN-Pvalb-2
ExN-L2/3-1
Astro-1
InN-Pvalb-1
Endo-1
ExN-L6-1
ExN-L5-2
Astro-1
ExN-L5-1
Endo-1
InN-Lamp5
Endo-1
Astro-1
ExN-L2/3-2
ExN-L5-1
Endo-3
ExN-L5-2
ExN-L5-3
Olig-2
ExN-L5-1
InN-Lamp5
ExN-L2/3-2
Astro-1
ExN-L2/3-2
ExN-L5-1
ExN-L5-2
ExN-L5-1
Astro-1
ExN-L5-1
ExN-L5-1
Endo-1
Astro-1
InN-Sst-1
ExN-L5-1
ExN-L2/3-1
ExN-L2/3-1
ExN-L5-1
Endo-1
OPC
ExN-L2/3-2
ExN-L5-2
Olig-2
Olig-2
Micro-1
ExN-L5-1
ExN-L2/3-2
ExN-L5-2
ExN-L5-2
ExN-L5-1
Micro-3
ExN-L5-3
OPC
Astro-1
ExN-L5-2
Astro-1
ExN-L6-1
ExN-L5-2
Peri-1
ExN-L6-2
ExN-Olf
InN-Pvalb-2
ExN-L5-2
Astro-1
ExN-L5-3
Endo-2
Micro-1
ExN-L5-1
ExN-L5-3
InN-Vip
T cell
ExN-L6-1
ExN-L5-1
Micro-1
ExN-L5-1
ExN-L6-1
ExN-L5-1
ExN-L5-1
Astro-1
Micro-3
InN-Pvalb-2
OPC
ExN-L6-2
Endo-1
ExN-L5-3
ExN-L5-2
ExN-L5-2
InN-Pvalb-2
Olig-2
Peri-1
Endo-1
Astro-1
Endo-1
Olig-2
Olig-2
ExN-L5-3
Endo-1
ExN-L5-1
InN-Vip
Astro-1
ExN-L6-1
Endo-1
ExN-L5-2
ExN-L5-2
Astro-1
Olig-2
Endo-2
ExN-L6-3
Olig-2
ExN-L5-3
ExN-L5-2
ExN-L5-3
Olig-2
Endo-1
Astro-1
Endo-1
ExN-L6-1
ExN-L5-2
ExN-L6-1
ExN-L5-3
Endo-3
ExN-L6-2
Peri-1
Astro-1
Astro-1
ExN-L5-3
Olig-2
InN-Pvalb-2
Olig-2
Astro-1
ExN-L6-2
InN-Sst-2
ExN-L6-2
InN-Sst-1
Endo-3
Endo-1
Astro-1
ExN-L6-2
Olig-2
ExN-L5-2
InN-Pvalb-2
ExN-L6-1
ExN-L6-2
ExN-L5-2
Endo-1
ExN-L5-3
ExN-L6-2
ExN-L6-1
ExN-L5-3
Peri-1
ExN-L6-1
OPC
Endo-3
ExN-L6-1
Peri-1
Olig-2
ExN-L5-1
Astro-1
ExN-L5-2
ExN-L6-1
ExN-L6-1
ExN-L5-1
Peri-1
ExN-L6-1
InN-Sst-2
Olig-2
InN-Pvalb-2
ExN-L5-3
ExN-L5-3
ExN-L6-2
ExN-L6-2
ExN-L6-2
InN-Pvalb-2
ExN-L6-3
ExN-L5-2
Peri-1
ExN-L6-2
Astro-1
ExN-L6-2
ExN-L6-2
ExN-L5-2
Olig-2
ExN-L6-2
Astro-1
ExN-L5-2
Olig-2
ExN-L6-2
ExN-L5-3
Micro-1
ExN-L6-2
ExN-L5-2
Micro-2
ExN-L6-2
ExN-L6-1
ExN-L6-2
ExN-L6-1
ExN-L6-2
Peri-1
ExN-L6-2
OPC
Olig-2
ExN-L6-2
ExN-L6-1
ExN-L5-3
ExN-L6-2
ExN-L6-2
InN-Pvalb-1
Olig-1
Endo-1
ExN-L5-1
Olig-2
ExN-L6-2
Endo-1
ExN-L6-2
ExN-L6-2
OPC
InN-Sst-1
Olig-2
Peri-1
Micro-1
Olig-2
ExN-L6-2
ExN-L6-2
ExN-L6-2
ExN-L6-2
ExN-L6-2
ExN-L6-2
ExN-L6-2
ExN-L5-2
Astro-1
InN-Pvalb-1
ExN-L6-1
ExN-L6-2
Endo-1
ExN-L6-2
Olig-2
ExN-L5-2
ExN-L6-2
ExN-L6-1
ExN-L6-3
Olig-2
ExN-L6-3
Olig-2
ExN-L6-2
Endo-1
ExN-L5-2
Astro-1
Olig-3
ExN-L6-2
Astro-1
Endo-3
Micro-1
ExN-L6-2
Endo-1
InN-Sst-2
ExN-L6-2
Astro-1
Astro-1
Olig-2
ExN-L6-2
ExN-L6-2
ExN-L6-2
Olig-2
Olig-2
ExN-L6-3
ExN-L6-1
InN-Calb2-1
Astro-1
Olig-2
ExN-L6-3
Olig-2
Olig-2
ExN-L6-2
OPC
Endo-1
Peri-1
Olig-2
Olig-3
ExN-L6-2
Olig-2
ExN-L6-2
Olig-2
Olig-2
Olig-2
Olig-2
OPC
ExN-L6-2
ExN-L6-2
ExN-L6-2
Olig-2
ExN-L6-2
ExN-L6-2
ExN-L6-2
Olig-2
Olig-2
Endo-1
ExN-L5-3
Micro-2
ExN-L6-3
ExN-L6-3
ExN-L6-2
Olig-2
Astro-1
Astro-2
Olig-3
Olig-2
Micro-1
Olig-3
Olig-2
Endo-3
OPC
Olig-2
Olig-2
Olig-2
ExN-L6-3
Olig-3
Olig-2
Olig-2
Olig-2
Olig-2
Olig-2
InN-Sst-2
Olig-2
Micro-1
InN-Calb2-1
Astro-2
Olig-2
Olig-2
Olig-2
Olig-2
Astro-2
Olig-2
Astro-1
Olig-2
Olig-2
Olig-2
Olig-2
Micro-1
Olig-2
Olig-2
Olig-2
Peri-1
Olig-3
InN-Calb2-2
Endo-3
Olig-2
Olig-2
Endo-3
Olig-2
Olig-2
Olig-3
Olig-2
Olig-3
Micro-2
Astro-1
Olig-2
Olig-3
Olig-2
Olig-3
Olig-3
Olig-3
Micro-1
Olig-2
InN-Sst-2
Astro-2
Olig-2
Olig-2
Olig-3
Olig-2
Olig-2
Olig-3
Olig-2
OPC
Olig-3
Olig-3
Olig-2
Olig-2
Micro-1
Olig-2
Olig-2
Olig-2
Olig-2
Olig-2
Micro-2
Olig-2
Olig-2
Olig-2
Olig-2
Astro-2
Micro-2
Olig-2
Olig-2
Olig-2
Olig-3
Olig-3
Olig-3
Olig-2
Olig-2
Peri-1
Olig-2
MSN-D1-2
Olig-3
Olig-3
Olig-2
Olig-2
Olig-2
Olig-2
Olig-3
Astro-1
Astro-2
Olig-2
Astro-1
Olig-2
Olig-2
Epen
InN-Chat
Olig-2
Olig-2
Astro-1
Olig-2
Olig-2
Astro-2
Olig-3
Olig-3
Micro-2
ExN-L6-1
Olig-2
Olig-2
Astro-2
Astro-2
Astro-2
Peri-1
Olig-2
Olig-2
MSN-D2
InN-Calb2-2
Olig-2
Astro-1
MSN-D2
Olig-2
MSN-D2
OPC
Olig-2
MSN-D2
MSN-D1-1
MSN-D1-2
MSN-D1-1
Olig-2
Olig-2
Micro-2
Astro-2
MSN-D2
ExN-L6-1
MSN-D1-1
Olig-2
MSN-D1-1
Epen
MSN-D1-1
Olig-2
Olig-2
MSN-D2
Olig-2
Olig-2
Olig-3
Micro-1
Endo-1
Olig-1
Olig-1
Olig-2
Olig-3
Micro-1
MSN-D1-1
MSN-D2
MSN-D1-1
Olig-2
Endo-1
Olig-2
Olig-2
Olig-2
Olig-2
Astro-2
Endo-1
Olig-2
Astro-1
Endo-1
Olig-2
MSN-D2
MSN-D1-1
MSN-D2
MSN-D2
MSN-D1-1
Olig-2
Endo-3
Olig-2
Astro-2
MSN-D1-1
Olig-3
MSN-D1-1
MSN-D1-1
Olig-2
Olig-2
MSN-D1-1
MSN-D2
MSN-D1-2
Olig-2
MSN-D1-2
Olig-3
MSN-D2
MSN-D2
MSN-D1-1
Olig-2
MSN-D2
Endo-1
MSN-D1-2
MSN-D2
Olig-2
MSN-D1-1
MSN-D1-1
MSN-D2
MSN-D1-1
MSN-D1-1
MSN-D1-1
Olig-2
Olig-3
MSN-D2
Olig-2
Olig-2
ExN-L6-2
MSN-D1-1
MSN-D2
MSN-D1-1
MSN-D2
MSN-D2
MSN-D2
Olig-2
MSN-D2
MSN-D1-1
MSN-D2
Olig-2
MSN-D1-2
Olig-2
MSN-D2
Micro-3
MSN-D2
MSN-D1-2
MSN-D2
MSN-D1-1
ExN-L6-3
Olig-2
MSN-D1-1
Peri-1
Olig-1
MSN-D2
MSN-D2
MSN-D1-1
Olig-2
MSN-D1-1
Olig-2
MSN-D2
MSN-D2
MSN-D2
Micro-1
MSN-D1-1
Astro-1
MSN-D2
MSN-D1-1
MSN-D1-1
MSN-D1-1
MSN-D2
MSN-D1-1
Endo-1
MSN-D1-2
MSN-D2
MSN-D1-1
Olig-2
Olig-2
Olig-2
MSN-D1-1
MSN-D1-1
Endo-3
MSN-D2
MSN-D2
MSN-D2
MSN-D1-2
MSN-D1-1
MSN-D2
MSN-D1-1
MSN-D1-1
MSN-D1-1
MSN-D2
Olig-2
MSN-D1-2
Endo-3
MSN-D2
MSN-D2
Olig-2
InN-Calb2-2
MSN-D1-1
Olig-2
MSN-D2
MSN-D2
Endo-3
MSN-D2
MSN-D1-1
MSN-D1-1
MSN-D1-1
InN-Calb2-2
MSN-D1-1
MSN-D2
MSN-D1-1
MSN-D1-1
Olig-2
Micro-3
MSN-D2
MSN-D1-1
MSN-D2
MSN-D2
MSN-D2
InN-Calb2-2
MSN-D2
MSN-D2
Olig-2
Olig-2
MSN-D2
Micro-1
Olig-2
MSN-D1-2
MSN-D2
MSN-D1-1
MSN-D1-1
MSN-D2
InN-Lhx6
Olig-2
Olig-2
OPC
MSN-D1-1
Olig-2
MSN-D1-2
OPC
MSN-D1-1
MSN-D1-2
Vlmc
MSN-D1-2
MSN-D2
Astro-1
MSN-D2
Olig-3
MSN-D1-1
Endo-1
Olig-2
Olig-2
Endo-1
MSN-D1-2
Astro-1
MSN-D1-2
Olig-2
Olig-2
Olig-2
Olig-2
MSN-D1-2
MSN-D2
MSN-D1-1
MSN-D2
Astro-2
MSN-D1-1
Peri-1
MSN-D1-1
Olig-2
Olig-2
Olig-2
Olig-2
MSN-D2
Olig-2
MSN-D1-1
Olig-2
ExN-L6-2
MSN-D2
Astro-1
Endo-1
Olig-2
Olig-2
Olig-2
Olig-2
MSN-D2
MSN-D2
ExN-L6-2
Olig-2
ExN-L6-2
Olig-2
Endo-1
MSN-D1-1
ExN-L6-3
MSN-D2
Olig-2
OPC
Olig-2
Olig-2
MSN-D2
Micro-1
MSN-D1-1
ExN-L6-3
Peri-1
MSN-D1-1
ExN-L5-3
Endo-3
Olig-2
Olig-2
OPC
MSN-D1-1
Olig-2
Olig-2
OPC
Olig-3
Endo-3
InN-Pvalb-3
Olig-3
Olig-2
ExN-L6-2
MSN-D1-1
MSN-D2
Micro-3
Olig-2
Olig-2
Micro-3
Endo-2
MSN-D1-2
InN-Sst-1
Olig-2
MSN-D2
ExN-L6-3
Olig-2
InN-Pvalb-2
InN-Pvalb-2
Olig-2
Olig-2
Olig-2
InN-Sst-1
Olig-2
Olig-2
Endo-1
InN-Sst-2
ExN-L6-3
Olig-2
Olig-2
Astro-1
ExN-L6-2
ExN-L6-1
Olig-2
Olig-2
ExN-L5-2
OPC
Olig-2
InN-Lamp5
Olig-2
ExN-L6-2
ExN-L6-3
Olig-2
ExN-L6-3
ExN-L6-2
Epen
Olig-2
Olig-2
Olig-2
Olig-2
Micro-1
Olig-2
Olig-2
ExN-L6-2
InN-Calb2-2
Olig-2
Endo-1
Astro-1
Olig-2
ExN-L6-3
Olig-2
Olig-2
ExN-L6-2
Olig-2
ExN-L6-3
Olig-2
Olig-2
Olig-2
ExN-L6-2
Olig-2
Olig-2
ExN-L6-3
Olig-2
Olig-2
Endo-1
Endo-1
InN-Sst-2
Olig-2
Olig-1
Micro-1
Peri-1
Olig-2
ExN-L6-2
ExN-L6-2
Astro-1
Olig-2
Olig-2
Endo-2
Endo-2
ExN-L6-1
ExN-L6-1
Olig-2
Olig-2
ExN-L6-3
ExN-L6-3
ExN-L6-2
ExN-L6-3
ExN-L6-1
Olig-1
OPC
Endo-1
Endo-3
Olig-2
ExN-L6-1
Olig-2
InN-Sst-1
ExN-L6-3
Astro-1
ExN-L6-3
InN-Sst-2
Olig-2
Micro-1
Astro-1
Endo-3
ExN-L6-1
Astro-1
Peri-1
Endo-1
ExN-L6-3
ExN-L6-1
Macro
ExN-L6-3
ExN-L6-1
Astro-1
OPC
Olig-2
Olig-2
ExN-L6-1
ExN-L5-2
Olig-2
OPC
InN-Lhx6
InN-Sst-2
ExN-L6-1
ExN-L6-1
Astro-1
Olig-2
Olig-2
Micro-3
Olig-2
ExN-L2/3-1
Olig-2
Astro-1
Endo-3
InN-Vip
ExN-L2/3-2
Astro-1
ExN-L2/3-1
ExN-L2/3-1
ExN-L2/3-1
Endo-2
Micro-1
ExN-L2/3-1
Astro-1
Astro-1
ExN-L2/3-1
ExN-L2/3-1
Astro-2
Olig-2
ExN-L2/3-1
ExN-L2/3-1
ExN-L2/3-1
Vlmc
ExN-L2/3-1
ExN-L6-1
ExN-L2/3-1
Astro-2
Astro-1
Astro-1
ExN-L2/3-1
ExN-L2/3-1
Endo-2
Peri-1
ExN-L2/3-2
ExN-L2/3-1
InN-Lamp5
ExN-L2/3-1
InN-Pvalb-1
Endo-2
InN-Vip
ExN-L2/3-1
Astro-1
ExN-Olf
ExN-L2/3-1
Endo-1
Olig-2
Peri-1
ExN-L5-1
InN-Pvalb-1
ExN-L2/3-1
ExN-L2/3-1
ExN-L2/3-1
ExN-L2/3-1
InN-Lamp5
Micro-1
Micro-1
Endo-2
Endo-3
Astro-1
OPC
InN-Lamp5
InN-Calb2-1
Micro-1
Micro-1
Astro-2
Micro-1
Astro-1
InN-Sst-2
ExN-L2/3-1
Astro-2
InN-Lamp5
InN-Vip
Astro-1
ExN-L2/3-1
Endo-1
ExN-L2/3-1
Endo-1
Astro-2
Astro-2
OPC
Astro-1
OPC
OPC
ExN-Olf
Vlmc
OPC
Endo-1
Astro-2
ExN-L2/3-2
ExN-L2/3-2
ExN-L2/3-2
ExN-L2/3-1
Vlmc
Olig-2
ExN-L2/3-1
ExN-L2/3-1
ExN-L2/3-1
Vlmc
ExN-L2/3-1
ExN-L2/3-1
ExN-L2/3-1
ExN-L2/3-1
Astro-1
Endo-1
ExN-L2/3-1
Olig-2
ExN-L2/3-1
Astro-1
ExN-L2/3-1
InN-Lamp5
ExN-L2/3-1
ExN-L2/3-1
InN-Lamp5
ExN-L2/3-1
ExN-L2/3-1
ExN-L2/3-1
ExN-L2/3-1
ExN-L2/3-1
ExN-L2/3-1
ExN-L2/3-1
ExN-L2/3-1
Astro-1
Endo-1
ExN-L2/3-1
Endo-1
Astro-1
ExN-L2/3-1
ExN-L2/3-2
Peri-1
ExN-L2/3-1
ExN-L2/3-1
ExN-L2/3-1
Olig-2
ExN-L2/3-1
ExN-L6-1
Astro-1
ExN-L2/3-1
ExN-L5-1
InN-Vip
ExN-L5-1
ExN-L2/3-1
Astro-1
ExN-L5-1
Olig-2
Olig-2
ExN-L5-1
ExN-L2/3-1
ExN-L5-1
Astro-1
ExN-L2/3-1
Olig-2
ExN-L2/3-1
ExN-L5-2
ExN-L2/3-2
ExN-L5-2
InN-Lamp5
Astro-1
InN-Sst-1
Olig-1
ExN-L2/3-2
ExN-L5-2
ExN-L2/3-1
ExN-L5-1
ExN-L5-1
ExN-L2/3-2
ExN-L5-1
ExN-L2/3-1
ExN-L2/3-2
ExN-L5-1
ExN-L2/3-2
InN-Pvalb-1
Astro-1
Olig-1
ExN-L2/3-2
Olig-2
ExN-L2/3-2
InN-Pvalb-3
ExN-L2/3-2
ExN-L5-1
ExN-L2/3-1
ExN-L2/3-1
ExN-L5-1
Micro-1
ExN-L2/3-1
ExN-L2/3-1
Endo-1
ExN-L5-1
Peri-1
ExN-L5-1
ExN-L5-1
ExN-L2/3-1
Olig-2
ExN-L5-1
ExN-L2/3-2
Olig-1
ExN-L2/3-2
OPC
ExN-L5-1
Endo-1
Olig-2
OPC
Astro-1
ExN-L5-2
Endo-1
ExN-L5-2
ExN-L5-1
ExN-L5-1
ExN-L5-3
ExN-L5-1
Olig-2
InN-Pvalb-2
ExN-L5-3
InN-Calb2-1
ExN-L5-2
Astro-1
InN-Sst-1
ExN-L5-2
ExN-L5-1
InN-Pvalb-1
Astro-1
ExN-L5-3
ExN-L5-1
Endo-3
ExN-L6-2
InN-Sst-2
ExN-L5-1
Macro
ExN-L5-2
Peri-1
Endo-3
Endo-2
ExN-L5-3
ExN-L5-2
ExN-L5-1
ExN-L2/3-2
Micro-3
Olig-2
ExN-L6-1
ExN-L5-3
ExN-L5-2
Olig-3
Endo-3
Endo-1
Micro-1
ExN-L5-3
ExN-L6-1
Endo-1
InN-Pvalb-2
ExN-L5-2
ExN-L5-2
InN-Pvalb-2
Olig-2
InN-Sst-1
ExN-L5-3
ExN-L5-1
ExN-L6-1
ExN-L5-2
InN-Pvalb-1
OPC
ExN-L5-2
ExN-L5-2
InN-Pvalb-3
Vlmc
Micro-1
ExN-L5-3
ExN-L5-1
InN-Sst-1
ExN-L6-1
ExN-L5-2
ExN-L5-1
ExN-L5-2
Olig-2
OPC
ExN-L5-3
ExN-L5-2
Astro-1
OPC
InN-Pvalb-2
ExN-L5-2
Vlmc
ExN-L6-1
ExN-L5-2
Astro-1
ExN-L5-3
Micro-1
ExN-L5-3
Astro-1
Olig-2
Peri-1
ExN-L5-2
InN-Pvalb-3
Peri-2
ExN-L6-2
ExN-L5-3
InN-Pvalb-2
Astro-1
ExN-L6-2
ExN-L5-2
ExN-L6-1
InN-Pvalb-2
OPC
Astro-1
ExN-L6-1
ExN-L5-2
InN-Sst-1
Olig-2
ExN-L6-1
ExN-L6-3
ExN-L6-2
ExN-L5-2
ExN-L6-2
ExN-L6-1
Olig-2
Olig-1
Olig-2
InN-Sst-1
Astro-1
Olig-2
Olig-2
ExN-L5-2
InN-Pvalb-1
ExN-L5-1
Micro-3
ExN-L5-2
Endo-1
ExN-L5-2
ExN-L6-1
Astro-1
Astro-2
ExN-L6-1
ExN-L5-2
ExN-L6-2
ExN-L6-1
Astro-1
ExN-L6-2
ExN-L6-2
ExN-L6-2
Olig-2
ExN-L6-2
Olig-2
Olig-2
ExN-L5-3
ExN-L6-2
Olig-2
InN-Calb2-1
ExN-L5-2
ExN-L5-3
Olig-2
Olig-2
Olig-2
Micro-1
Olig-2
ExN-L6-2
InN-Pvalb-1
Olig-2
InN-Pvalb-2
ExN-L6-1
ExN-L6-2
ExN-L6-2
Astro-1
Olig-2
Micro-1
ExN-L6-1
Astro-1
InN-Sst-1
ExN-L5-3
ExN-L6-2
ExN-L6-2
ExN-L5-2
ExN-L6-1
Endo-1
ExN-L6-2
Olig-2
ExN-L6-2
ExN-L5-2
ExN-L6-3
ExN-L5-2
Olig-2
InN-Sst-1
ExN-L6-2
ExN-L5-3
ExN-L6-3
ExN-L6-2
Olig-2
Endo-1
InN-Pvalb-2
ExN-L5-2
ExN-L6-2
ExN-L6-2
ExN-L6-2
ExN-L6-1
ExN-L5-3
ExN-L6-1
Astro-1
Endo-1
ExN-L6-1
Olig-2
ExN-L6-2
ExN-L6-2
ExN-L6-1
OPC
InN-Calb2-2
InN-Sst-1
Endo-1
ExN-L6-2
ExN-L6-3
Micro-3
Olig-2
Astro-1
Peri-1
Olig-2
Olig-2
Astro-1
Olig-3
Olig-3
Olig-2
Endo-1
Olig-3
Endo-1
Olig-2
Endo-1
Astro-1
ExN-L6-2
Olig-2
Astro-1
ExN-L5-2
ExN-L6-2
Astro-1
Olig-3
Olig-3
ExN-L6-2
ExN-L5-2
Olig-3
Olig-2
ExN-L6-2
ExN-L6-2
ExN-L6-2
InN-Calb2-2
Micro-1
Olig-1
Astro-1
ExN-L6-2
Olig-3
Olig-2
ExN-L6-2
Olig-2
Olig-2
Olig-2
Micro-1
Olig-2
Olig-2
InN-Sst-2
Olig-2
ExN-L6-2
Olig-2
Olig-3
Olig-2
Olig-2
Micro-1
Olig-2
ExN-L6-2
InN-Calb2-2
ExN-L6-2
Endo-3
Olig-2
Olig-2
Olig-2
Olig-2
Olig-2
Olig-3
Astro-2
Olig-3
Olig-2
Endo-3
Olig-2
Olig-2
Olig-2
Olig-2
Olig-2
Olig-2
Olig-3
Olig-3
Olig-2
Astro-2
Olig-3
Olig-3
Olig-2
Olig-2
Olig-3
Astro-1
Olig-2
Olig-2
Olig-2
Olig-2
Olig-2
Olig-3
Olig-2
Olig-2
Olig-2
Olig-2
Olig-2
Olig-2
Astro-2
OPC
Olig-2
Olig-3
Olig-2
Olig-2
Olig-2
Olig-2
Olig-2
Astro-1
Vlmc
Olig-2
Olig-2
Olig-3
Olig-2
Endo-1
Olig-3
Olig-2
Epen
Olig-3
Olig-2
InN-Calb2-2
Olig-3
Olig-3
Olig-3
Olig-2
Olig-3
Olig-2
Astro-1
Olig-3
Olig-2
Olig-2
Olig-2
Olig-3
Olig-2
Olig-2
Olig-2
Astro-1
Olig-2
Olig-3
Olig-3
Olig-2
Olig-2
Astro-2
Micro-1
Micro-2
Olig-2
MSN-D2
Endo-3
Olig-2
Olig-2
Astro-2
Astro-2
Olig-2
Endo-3
MSN-D2
Olig-2
Micro-1
Olig-3
Astro-2
Endo-3
Olig-2
Olig-3
Olig-2
Astro-1
Olig-2
Astro-1
Astro-2
Olig-3
Olig-2
Olig-2
Olig-3
Peri-1
Astro-1
Olig-2
Astro-2
Micro-2
Endo-1
Olig-3
Astro-1
MSN-D2
MSN-D1-2
MSN-D2
Astro-1
MSN-D2
Olig-2
Olig-2
Olig-3
MSN-D1-1
Olig-2
Olig-3
Olig-3
InN-Calb2-2
Olig-2
MSN-D1-1
Olig-2
Olig-2
Micro-1
MSN-D2
MSN-D2
MSN-D2
InN-Calb2-2
MSN-D2
MSN-D1-1
Olig-2
MSN-D1-1
Olig-2
MSN-D2
MSN-D1-1
MSN-D2
Olig-2
Olig-2
Peri-1
MSN-D2
Olig-3
MSN-D1-1
Astro-1
MSN-D1-1
Astro-1
MSN-D2
Olig-2
MSN-D2
Astro-2
Olig-2
MSN-D2
MSN-D1-1
MSN-D2
MSN-D2
Olig-2
Olig-2
MSN-D2
InN-Sst-2
Olig-2
Peri-1
MSN-D1-1
MSN-D2
MSN-D2
Peri-1
Endo-1
InN-Calb2-2
Endo-1
MSN-D2
Olig-2
Olig-2
InN-Olf-1
Olig-2
MSN-D1-1
Olig-2
MSN-D1-1
Astro-1
Olig-2
MSN-D2
MSN-D1-1
MSN-D2
MSN-D1-1
Astro-1
MSN-D1-1
Micro-2
MSN-D2
MSN-D1-1
MSN-D2
Olig-2
Olig-2
Micro-3
MSN-D1-1
Olig-2
Olig-2
Olig-2
MSN-D2
MSN-D2
MSN-D1-1
MSN-D1-2
MSN-D1-1
MSN-D1-1
Astro-1
MSN-D1-1
Micro-2
MSN-D2
MSN-D1-1
Astro-1
MSN-D1-1
MSN-D1-1
MSN-D1-1
MSN-D2
Olig-2
MSN-D2
MSN-D1-1
MSN-D2
Endo-3
MSN-D2
Endo-1
MSN-D2
MSN-D2
MSN-D2
MSN-D2
Endo-1
MSN-D2
MSN-D2
Olig-2
MSN-D1-1
MSN-D2
MSN-D1-1
Peri-1
MSN-D1-1
MSN-D2
MSN-D2
Olig-2
MSN-D1-1
Olig-2
MSN-D1-1
MSN-D1-1
MSN-D2
MSN-D1-1
MSN-D2
Olig-1
MSN-D1-1
MSN-D2
MSN-D2
MSN-D1-1
MSN-D1-1
Olig-2
MSN-D2
MSN-D1-2
MSN-D2
MSN-D1-2
MSN-D2
MSN-D2
Peri-1
MSN-D1-2
MSN-D2
Astro-1
Peri-1
MSN-D1-1
MSN-D1-1
MSN-D1-1
Olig-2
MSN-D1-1
MSN-D2
MSN-D2
Endo-1
Endo-3
MSN-D1-1
Olig-2
Peri-1
Astro-1
MSN-D1-1
Micro-1
MSN-D1-1
MSN-D2
MSN-D1-1
MSN-D1-1
MSN-D1-1
MSN-D2
MSN-D2
MSN-D2
Endo-3
Endo-3
MSN-D2
MSN-D1-1
MSN-D2
MSN-D2
MSN-D1-1
MSN-D1-1
MSN-D1-1
MSN-D2
Astro-1
Endo-1
MSN-D1-1
MSN-D1-1
MSN-D1-1
Astro-1
MSN-D1-1
MSN-D2
MSN-D1-1
MSN-D2
MSN-D1-1
MSN-D2
MSN-D2
MSN-D2
MSN-D1-1
MSN-D2
MSN-D2
MSN-D1-1
OPC
MSN-D2
Olig-2
Endo-2
MSN-D2
MSN-D2
Endo-1
MSN-D1-1
Astro-1
MSN-D2
MSN-D2
Endo-3
MSN-D2
MSN-D2
MSN-D2
MSN-D2
MSN-D1-1
MSN-D2
MSN-D1-1
MSN-D2
MSN-D1-1
MSN-D2
MSN-D2
MSN-D2
Micro-2
MSN-D1-1
MSN-D1-1
Endo-1
Micro-1
MSN-D1-1
MSN-D1-1
MSN-D2
MSN-D1-1
MSN-D1-1
Endo-1
MSN-D2
MSN-D2
Endo-3
MSN-D2
MSN-D1-1
MSN-D1-2
Peri-1
MSN-D2
MSN-D1-2
MSN-D1-1
Astro-1
MSN-D1-1
Peri-1
MSN-D1-2
MSN-D1-1
Peri-1
MSN-D1-1
Astro-1
MSN-D2
MSN-D1-1
MSN-D1-2
Astro-1
MSN-D1-1
MSN-D2
MSN-D2
MSN-D2
MSN-D1-1
Micro-2
MSN-D1-1
MSN-D1-1
MSN-D1-1
MSN-D1-1
Endo-3
Endo-1
Astro-1
Astro-1
MSN-D2
MSN-D2
Endo-1
Astro-1
MSN-D1-1
Micro-1
MSN-D1-1
MSN-D1-2
Olig-2
ExN-L6-2
ExN-L6-3
ExN-L6-3
Micro-2
MSN-D1-1
MSN-D1-2
Endo-1
Endo-3
Astro-1
ExN-L6-2
Olig-2
MSN-D1-1
InN-Pvalb-3
MSN-D1-1
Astro-1
MSN-D1-1
MSN-D2
Endo-1
Olig-2
Astro-1
MSN-D2
MSN-D1-2
ExN-L6-3
MSN-D1-1
Olig-2
Micro-3
Olig-2
MSN-D1-1
Astro-1
Olig-1
MSN-D1-1
MSN-D1-1
MSN-D1-1
MSN-D1-1
Olig-2
MSN-D1-1
InN-Lhx6
MSN-D1-1
Endo-1
MSN-D1-1
MSN-D2
MSN-D2
Olig-2
MSN-D1-2
Olig-2
MSN-D2
MSN-D1-1
Olig-2
Olig-2
Olig-2
MSN-D1-1
Olig-2
Astro-1
ExN-L5-1
InN-Sst-1
Olig-2
ExN-L6-2
Olig-2
Micro-1
Olig-2
Olig-2
Olig-2
Astro-1
OPC
Astro-1
Micro-1
InN-Pvalb-2
Olig-2
Olig-2
Olig-2
ExN-L6-2
Olig-2
Olig-2
Micro-1
OPC
Olig-2
InN-Lhx6
Olig-2
Endo-3
Olig-2
Endo-1
Olig-2
Olig-2
Olig-2
Olig-2
Olig-3
Olig-2
Astro-1
Micro-1
Endo-1
OPC
Olig-2
Olig-2
Micro-2
ExN-L6-3
Olig-2
Olig-2
Olig-2
Olig-2
Endo-1
InN-Sst-2
Endo-1
Micro-1
ExN-L6-1
Endo-3
ExN-L6-3
ExN-L6-3
Micro-3
Astro-2
ExN-L6-2
ExN-L6-3
Olig-2
ExN-L6-3
Endo-3
Astro-2
InN-Sst-1
Astro-1
ExN-L6-1
ExN-L6-3
Olig-2
Olig-2
Endo-1
Olig-2
ExN-L6-3
ExN-L6-3
Olig-2
Endo-1
ExN-L6-1
ExN-L6-1
OPC
ExN-L6-3
ExN-L6-3
ExN-L6-3
Olig-2
Olig-3
Endo-1
ExN-L6-3
Olig-2
Endo-1
Peri-1
ExN-L6-3
Olig-2
ExN-L6-2
Astro-1
Olig-2
ExN-L6-1
Astro-1
Astro-1
Astro-1
Astro-2
Astro-1
Astro-2
Peri-1
Astro-2
Endo-1
Micro-1
Astro-1
Micro-1
Micro-1
Astro-1
Micro-2
Vlmc
OPC
Endo-2
Endo-1
Astro-2
Astro-2
Endo-1
OPC
Peri-2
ExN-L2/3-1
Endo-1
Astro-1
Astro-1
Peri-2
InN-Calb2-1
Astro-1
Astro-2
Vlmc
Endo-1
Astro-1
ExN-L2/3-1
ExN-L6-1
Micro-1
Olig-2
ExN-L2/3-1
OPC
Astro-1
Astro-1
Endo-3
Astro-1
ExN-L2/3-1
OPC
Astro-2
ExN-L2/3-1
ExN-L2/3-1
ExN-L2/3-1
ExN-L2/3-1
ExN-L2/3-1
InN-Vip
ExN-L2/3-1
ExN-L2/3-1
ExN-L2/3-1
Peri-1
InN-Sst-1
Micro-3
Endo-1
Vlmc
ExN-L2/3-1
InN-Calb2-1
Astro-1
OPC
Astro-1
ExN-L2/3-1
Peri-2
Peri-1
ExN-L2/3-1
ExN-L2/3-1
Astro-1
ExN-L2/3-1
Astro-2
ExN-L2/3-1
ExN-L2/3-1
ExN-L2/3-1
ExN-L2/3-2
ExN-L2/3-2
ExN-L2/3-1
ExN-Olf
ExN-L2/3-1
ExN-L2/3-1
Endo-1
ExN-L2/3-1
ExN-L2/3-2
ExN-L2/3-1
Endo-1
InN-Pvalb-2
ExN-L5-1
Endo-3
ExN-L2/3-2
ExN-L2/3-1
InN-Vip
Astro-1
Astro-1
InN-Vip
ExN-L2/3-1
ExN-L2/3-2
Astro-1
ExN-L2/3-1
Peri-1
ExN-L2/3-1
InN-Pvalb-2
ExN-L2/3-1
ExN-L6-3
ExN-L2/3-2
ExN-L5-1
Peri-1
OPC
Endo-1
ExN-L2/3-1
ExN-L5-1
InN-Pvalb-2
ExN-L6-1
ExN-L2/3-1
ExN-L2/3-2
ExN-L2/3-1
ExN-L5-1
Endo-1
ExN-L2/3-1
ExN-L5-1
Astro-1
Peri-1
ExN-L2/3-1
ExN-L2/3-1
ExN-L2/3-1
ExN-L5-1
ExN-L2/3-1
Astro-1
ExN-L5-1
Endo-1
ExN-L2/3-1
ExN-L2/3-1
ExN-L2/3-1
InN-Pvalb-2
Endo-1
ExN-L2/3-1
ExN-L5-1
ExN-L5-3
ExN-L5-2
ExN-L6-1
ExN-L6-1
ExN-L6-3
ExN-L5-2
ExN-L2/3-1
Astro-1
Astro-1
ExN-L5-2
ExN-L5-2
ExN-L5-2
Astro-1
ExN-L5-2
Endo-3
ExN-L2/3-2
ExN-L5-1
InN-Sst-1
InN-Pvalb-3
ExN-L5-2
Astro-1
ExN-L5-1
ExN-L5-2
ExN-L6-1
ExN-L5-2
Astro-1
ExN-L5-1
ExN-L5-2
ExN-L6-1
ExN-L5-2
ExN-L5-1
Micro-1
InN-Sst-1
InN-Sst-2
ExN-L5-2
ExN-L6-1
ExN-L5-1
OPC
ExN-L2/3-2
ExN-L5-1
OPC
Olig-2
Micro-1
ExN-L5-2
ExN-L5-2
ExN-L5-3
ExN-L5-3
ExN-L2/3-2
ExN-L6-1
ExN-L5-1
ExN-L5-3
ExN-L5-2
ExN-L6-1
ExN-L5-1
ExN-L5-2
ExN-L2/3-1
Micro-1
ExN-L5-2
Astro-1
Endo-1
ExN-L5-2
ExN-L5-2
ExN-L5-2
ExN-Olf
Astro-1
InN-Pvalb-2
ExN-L5-2
Endo-1
ExN-L6-1
ExN-L6-2
ExN-L6-2
ExN-L6-2
ExN-L5-2
ExN-L5-2
Micro-2
Endo-1
Endo-1
InN-Sst-2
InN-Pvalb-2
ExN-L6-1
ExN-L5-2
ExN-L5-3
OPC
InN-Pvalb-2
Endo-1
ExN-L6-1
ExN-L5-2
Micro-1
ExN-L5-3
ExN-L6-1
ExN-Olf
ExN-L6-1
Astro-1
Astro-1
ExN-L5-1
ExN-L5-2
ExN-L5-2
Astro-1
InN-Pvalb-2
InN-Pvalb-2
Endo-1
Astro-1
Astro-1
InN-Pvalb-1
Peri-1
ExN-L5-2
ExN-L6-2
ExN-L5-1
ExN-L6-1
Endo-1
InN-Pvalb-2
InN-Sst-2
ExN-L5-2
ExN-L6-1
ExN-L5-2
ExN-L5-3
ExN-L5-3
ExN-L5-2
ExN-L5-3
OPC
ExN-L6-2
ExN-L6-1
ExN-L6-2
ExN-L6-1
ExN-L6-1
Astro-1
ExN-L6-1
ExN-Olf
ExN-L6-1
InN-Pvalb-2
Peri-1
ExN-L6-1
ExN-L5-2
InN-Sst-1
ExN-L5-2
ExN-L6-1
ExN-L6-2
Olig-2
ExN-L6-2
Olig-2
Endo-1
ExN-L6-3
ExN-Olf
ExN-L5-2
ExN-L6-2
ExN-L5-2
ExN-L5-3
Olig-2
Olig-2
Olig-2
Olig-2
ExN-L6-2
ExN-L5-2
InN-Pvalb-1
ExN-L6-2
ExN-L6-2
Olig-2
ExN-L5-2
ExN-L6-2
ExN-L5-3
ExN-L5-2
Endo-1
Endo-1
InN-Olf-1
Olig-2
Olig-2
ExN-L6-2
Endo-1
ExN-L5-2
ExN-L5-2
Olig-2
ExN-L6-2
ExN-L6-2
Astro-1
ExN-L6-2
Astro-1
InN-Olf-1
Olig-2
ExN-L6-2
Astro-1
ExN-L6-2
ExN-L6-2
ExN-L6-2
Olig-2
Astro-1
ExN-L5-2
Astro-1
ExN-L6-2
Astro-1
ExN-L6-2
Endo-3
Olig-2
ExN-L5-2
Astro-1
ExN-L5-3
InN-Pvalb-3
Olig-2
ExN-L6-2
Astro-1
Olig-2
ExN-L6-2
ExN-L6-2
ExN-L6-3
ExN-L5-3
Olig-2
Endo-2
Olig-2
Olig-2
Olig-2
InN-Sst-2
Olig-2
Olig-2
Olig-2
InN-Pvalb-2
Olig-2
ExN-L6-2
Olig-3
Astro-2
Endo-1
Astro-2
Olig-1
Olig-2
Astro-1
Olig-2
Olig-2
ExN-L5-3
OPC
Olig-2
Olig-2
Astro-1
Astro-1
Astro-1
Astro-2
Astro-2
Astro-1
Astro-2
ExN-L6-3
ExN-L6-2
ExN-L6-2
Olig-2
ExN-L6-3
Olig-2
Olig-2
Olig-2
Olig-3
ExN-L6-3
ExN-L6-2
Olig-2
Olig-2
Olig-2
Olig-2
Astro-2
Astro-2
Olig-2
Olig-2
MSN-D1-2
Astro-1
Olig-2
Olig-2
Olig-2
Astro-1
Olig-2
Olig-2
Olig-2
Endo-1
Olig-2
Astro-2
Olig-2
Astro-2
Astro-1
Olig-2
Olig-2
OPC
Olig-2
Olig-2
Olig-2
Olig-2
Olig-2
Olig-3
Olig-2
OPC
Olig-2
Olig-3
Astro-1
Olig-3
Micro-1
Olig-2
Astro-2
Olig-2
Olig-2
Olig-2
InN-Olf-2
Micro-3
Olig-2
Olig-2
Olig-2
Olig-2
Olig-2
Olig-3
Olig-2
Olig-2
Astro-1
Olig-2
Astro-1
Olig-3
Astro-2
Olig-2
InN-Calb2-2
Olig-2
Olig-3
Olig-2
Olig-2
Astro-2
OPC
Olig-2
Astro-2
InN-Lamp5
Astro-2
Olig-3
Epen
Astro-2
Astro-2
Olig-2
InN-Calb2-2
Olig-3
Olig-3
Astro-2
InN-Calb2-2
Olig-2
Epen
Astro-1
Olig-2
Olig-3
Olig-2
Astro-1
Olig-2
Olig-2
Olig-2
Olig-2
ExN-L6-2
Olig-2
MSN-D2
Olig-2
Astro-1
Micro-3
MSN-D1-1
Astro-2
InN-Calb2-2
MSN-D2
Olig-2
Olig-2
Olig-2
Astro-1
MSN-D2
Olig-2
MSN-D1-1
Olig-2
InN-Calb2-2
Olig-2
Olig-2
InN-Calb2-2
Endo-3
MSN-D2
MSN-D1-2
OPC
Peri-1
Olig-2
Olig-3
Astro-2
Olig-2
Astro-1
Astro-1
MSN-D2
Olig-2
Astro-1
Olig-2
Olig-2
Endo-1
Astro-2
Olig-2
Astro-1
Olig-2
Olig-2
Olig-2
Astro-1
Olig-2
Endo-1
Micro-3
Endo-3
Endo-1
Endo-3
Astro-1
MSN-D2
MSN-D1-1
MSN-D2
InN-Olf-2
Endo-1
Olig-2
Olig-2
MSN-D1-1
MSN-D1-1
MSN-D1-1
Olig-2
MSN-D2
MSN-D1-2
MSN-D1-1
MSN-D2
Olig-2
OPC
MSN-D1-1
MSN-D1-2
MSN-D2
MSN-D1-1
MSN-D1-1
MSN-D2
MSN-D1-1
Olig-2
MSN-D2
MSN-D1-1
Endo-2
MSN-D1-1
MSN-D2
MSN-D2
Olig-3
MSN-D2
InN-Calb2-2
Astro-1
Olig-2
MSN-D1-1
MSN-D1-1
MSN-D1-1
MSN-D1-1
MSN-D2
MSN-D1-1
Astro-1
MSN-D1-1
Astro-1
MSN-D1-1
MSN-D2
Olig-2
MSN-D2
MSN-D2
Olig-2
MSN-D1-1
MSN-D1-1
InN-Lhx6
MSN-D1-1
Olig-2
Olig-2
Olig-2
MSN-D1-1
MSN-D1-1
MSN-D1-1
MSN-D2
MSN-D2
MSN-D1-1
MSN-D2
Micro-2
MSN-D1-2
MSN-D1-1
MSN-D1-1
MSN-D2
MSN-D1-1
MSN-D2
Olig-2
MSN-D2
MSN-D2
MSN-D2
MSN-D1-1
MSN-D1-1
MSN-D2
MSN-D2
Peri-1
MSN-D1-1
Endo-1
MSN-D1-1
MSN-D2
MSN-D1-1
Olig-2
MSN-D1-1
Endo-1
MSN-D1-1
MSN-D1-1
MSN-D1-1
MSN-D1-1
MSN-D2
MSN-D1-1
MSN-D1-1
MSN-D2
MSN-D2
MSN-D2
MSN-D2
MSN-D2
MSN-D2
MSN-D1-1
MSN-D1-1
MSN-D1-1
InN-Lhx6
MSN-D1-1
MSN-D2
MSN-D2
MSN-D1-1
MSN-D1-1
MSN-D1-1
MSN-D2
MSN-D2
Micro-2
MSN-D2
MSN-D1-1
MSN-D2
Endo-3
MSN-D1-2
Astro-1
MSN-D2
MSN-D2
MSN-D1-1
MSN-D2
MSN-D2
MSN-D1-1
MSN-D1-1
MSN-D2
MSN-D2
MSN-D1-1
MSN-D2
MSN-D1-1
MSN-D1-1
MSN-D2
MSN-D2
Olig-2
MSN-D1-1
MSN-D1-1
MSN-D1-1
MSN-D1-1
MSN-D1-1
MSN-D2
Endo-1
MSN-D2
Micro-1
Endo-1
MSN-D2
MSN-D2
MSN-D2
Endo-1
Olig-2
MSN-D1-1
MSN-D2
MSN-D1-1
MSN-D2
MSN-D1-1
MSN-D1-1
MSN-D1-1
MSN-D1-2
MSN-D1-1
MSN-D1-1
Endo-1
MSN-D1-1
MSN-D2
Peri-1
MSN-D1-1
MSN-D1-1
MSN-D1-1
MSN-D1-1
MSN-D2
Astro-1
MSN-D2
MSN-D1-1
MSN-D1-2
Astro-1
MSN-D1-2
MSN-D1-1
MSN-D2
Olig-2
MSN-D1-2
MSN-D1-1
MSN-D2
MSN-D2
Astro-1
Astro-1
MSN-D1-1
MSN-D1-1
Endo-3
MSN-D1-1
MSN-D1-1
Endo-1
Olig-2
Olig-2
Olig-2
MSN-D1-1
Olig-2
MSN-D2
Olig-2
Olig-2
Astro-1
MSN-D1-1
MSN-D1-1
MSN-D1-1
MSN-D2
Olig-2
Olig-2
OPC
Olig-2
Olig-3
MSN-D2
Olig-2
Olig-2
Micro-1
Olig-2
MSN-D2
Olig-2
Astro-1
ExN-L5-3
MSN-D1-1
Olig-2
MSN-D2
MSN-D2
MSN-D1-1
MSN-D1-1
Endo-1
Olig-2
Micro-1
Astro-1
MSN-D2
Astro-1
MSN-D2
MSN-D1-1
Olig-2
Astro-1
Olig-2
Olig-2
MSN-D1-1
MSN-D2
Micro-1
MSN-D2
Micro-1
Olig-2
Olig-2
InN-Olf-1
Micro-1
Olig-2
Micro-2
MSN-D1-2
Olig-2
Endo-3
Endo-3
Olig-2
Olig-2
OPC
Olig-2
Endo-3
Olig-2
ExN-L5-1
Olig-2
Olig-2
Olig-2
Micro-1
Astro-1
InN-Sst-1
Olig-3
Olig-3
Olig-2
Olig-2
Olig-2
Olig-2
OPC
InN-Sst-1
Olig-2
InN-Sst-1
Olig-2
InN-Olf-1
Olig-2
Olig-2
Olig-2
Olig-2
Olig-2
ExN-L6-1
Olig-2
Endo-1
ExN-L6-3
Endo-3
Astro-1
Micro-1
ExN-L6-3
Micro-1
ExN-L6-2
Olig-2
ExN-L6-1
Micro-2
OPC
Olig-2
Olig-2
ExN-L6-3
Peri-1
InN-Pvalb-2
Olig-2
Olig-2
ExN-L6-1
ExN-L6-1
Olig-2
ExN-L6-2
Olig-2
OPC
ExN-L6-3
Peri-1
Peri-1
Olig-2
Olig-2
Olig-2
Olig-2
Olig-2
ExN-L6-3
Olig-2
Endo-1
InN-Sst-1
Olig-2
ExN-L6-1
Olig-2
Endo-3
InN-Pvalb-3
ExN-L5-2
Astro-1
Olig-2
OPC
InN-Pvalb-2
Olig-2
ExN-L6-3
OPC
Olig-2
Astro-1
Micro-1
Olig-2
Micro-2
Micro-3
ExN-L6-2
Micro-1
ExN-Olf
Micro-1
ExN-L2/3-1
ExN-L2/3-1
Astro-2
ExN-L2/3-1
Astro-1
ExN-L2/3-1
ExN-L2/3-1
ExN-L2/3-1
Vlmc
Peri-1
ExN-L2/3-1
Astro-1
Vlmc
ExN-L2/3-1
Peri-1
InN-Vip
Endo-1
Micro-1
Endo-3
Endo-1
Astro-2
Endo-1
ExN-L2/3-1
InN-Lamp5
Endo-1
Astro-1
InN-Pvalb-2
Endo-1
InN-Vip
Epen
Astro-2
Astro-1
Astro-2
Astro-1
Astro-2
Endo-1
ExN-L2/3-1
ExN-L2/3-1
InN-Lamp5
InN-Lamp5
Astro-2
Astro-1
Endo-1
Micro-1
Astro-1
Astro-1
InN-Vip
ExN-L2/3-1
Endo-3
Vlmc
Endo-1
ExN-L2/3-1
ExN-L2/3-1
Endo-3
OPC
Astro-2
ExN-L2/3-1
Vlmc
Astro-1
Vlmc
Peri-2
Astro-2
InN-Lamp5
InN-Lamp5
Astro-1
Astro-1
ExN-L2/3-1
ExN-L2/3-1
Vlmc
Astro-1
ExN-L2/3-1
Endo-1
Peri-1
ExN-L5-1
ExN-L2/3-2
ExN-L2/3-1
ExN-L2/3-1
ExN-L2/3-1
ExN-L2/3-1
ExN-L2/3-2
ExN-L5-1
ExN-L2/3-1
Micro-1
ExN-L2/3-2
Astro-1
ExN-L2/3-1
Astro-2
ExN-L2/3-1
Endo-1
ExN-L2/3-1
InN-Vip
ExN-L2/3-1
Astro-1
Endo-3
ExN-L2/3-2
ExN-L2/3-1
ExN-L5-1
ExN-L2/3-2
ExN-L2/3-1
ExN-L2/3-1
ExN-L2/3-1
Endo-3
ExN-L2/3-1
ExN-L5-1
ExN-L2/3-1
Astro-2
ExN-L2/3-1
InN-Pvalb-2
ExN-L2/3-2
Astro-1
ExN-L2/3-1
ExN-L5-1
InN-Calb2-1
ExN-L2/3-1
Endo-1
Endo-1
Astro-1
ExN-L2/3-1
ExN-L2/3-1
InN-Vip
ExN-L2/3-1
Astro-1
ExN-L2/3-1
Micro-1
InN-Sst-1
ExN-L5-1
ExN-L2/3-1
Endo-3
ExN-L2/3-2
Micro-3
ExN-L2/3-2
InN-Calb2-1
InN-Pvalb-3
ExN-L6-1
ExN-L6-1
ExN-L5-1
ExN-L5-3
ExN-L5-2
ExN-L6-1
ExN-L5-2
ExN-L5-3
ExN-L5-2
ExN-L5-3
InN-Pvalb-2
Olig-2
ExN-L5-2
Endo-2
InN-Pvalb-1
Astro-1
ExN-L6-1
InN-Calb2-1
ExN-L5-1
ExN-L6-1
ExN-L6-1
ExN-L5-2
ExN-L5-2
Endo-1
ExN-L5-1
ExN-L5-2
Endo-1
ExN-L5-2
ExN-L5-1
ExN-L5-2
ExN-L5-1
ExN-L5-1
ExN-L5-2
Astro-1
ExN-L5-2
ExN-L5-2
ExN-L6-1
InN-Pvalb-2
OPC
InN-Sst-1
ExN-L5-2
ExN-L5-2
ExN-L6-1
ExN-L2/3-1
ExN-L2/3-1
Endo-1
ExN-L5-2
ExN-L2/3-1
ExN-L6-1
InN-Calb2-1
ExN-L5-2
Peri-1
Macro
ExN-L5-2
ExN-L6-2
ExN-L5-2
ExN-L5-3
InN-Pvalb-3
ExN-L5-2
ExN-L5-2
InN-Sst-1
ExN-L5-2
ExN-L5-2
ExN-L5-2
ExN-L5-2
ExN-L5-2
ExN-Olf
ExN-L5-3
ExN-L5-2
InN-Vip
ExN-L5-2
Endo-1
InN-Pvalb-2
Olig-2
ExN-L5-3
ExN-L6-2
ExN-L5-2
InN-Sst-1
ExN-L5-3
Astro-1
ExN-L5-2
ExN-L5-2
ExN-L5-2
ExN-L5-2
ExN-L5-2
ExN-L5-2
ExN-L5-2
ExN-L6-1
InN-Pvalb-2
Endo-1
ExN-L5-2
ExN-L5-2
ExN-L5-2
ExN-L5-2
ExN-L5-2
Endo-1
ExN-L6-2
ExN-L5-3
Astro-1
ExN-L5-2
Micro-3
InN-Sst-2
Astro-1
ExN-L6-2
OPC
Peri-1
ExN-L5-2
ExN-L5-3
ExN-L5-2
ExN-Olf
Endo-1
InN-Sst-1
ExN-L5-2
ExN-L5-2
InN-Vip
ExN-L5-2
Astro-1
ExN-L6-3
Olig-1
ExN-L6-2
ExN-L6-2
InN-Pvalb-2
ExN-Olf
Peri-1
ExN-L5-2
Micro-1
Astro-1
OPC
Endo-1
Astro-1
ExN-L5-3
ExN-L5-2
InN-Sst-2
ExN-L6-2
Endo-2
ExN-L6-2
ExN-Olf
ExN-L6-2
ExN-L5-2
Endo-1
ExN-L5-3
Micro-1
ExN-L5-3
Astro-1
ExN-L5-2
ExN-L6-2
ExN-L6-3
Olig-2
Endo-1
Astro-1
OPC
ExN-L6-2
ExN-L5-3
ExN-L5-2
ExN-Olf
Astro-2
ExN-L6-2
ExN-L5-3
ExN-L6-2
ExN-L5-2
ExN-L5-2
Olig-2
ExN-L6-2
ExN-L6-2
Endo-3
ExN-L6-3
Endo-1
InN-Pvalb-2
Olig-2
ExN-L5-2
ExN-L6-2
ExN-L5-2
ExN-L6-3
Olig-2
ExN-L6-2
ExN-L6-3
ExN-L6-2
Micro-1
ExN-L6-2
ExN-L5-3
ExN-L6-2
Olig-2
Peri-1
ExN-Olf
ExN-L6-2
ExN-L6-2
ExN-L5-2
ExN-L5-2
ExN-L6-2
ExN-L6-2
Astro-1
Olig-1
Endo-1
ExN-L5-2
ExN-L5-2
ExN-L5-2
ExN-L5-3
InN-Calb2-2
Astro-1
ExN-L6-2
Astro-2
Astro-1
Endo-1
Endo-3
InN-Sst-2
ExN-L6-1
Olig-2
Astro-1
Olig-2
ExN-L6-3
InN-Pvalb-3
Astro-1
ExN-L6-2
ExN-L6-3
Olig-2
Olig-1
Astro-1
Astro-1
ExN-L5-2
Olig-2
Micro-1
Astro-1
Olig-2
Olig-2
InN-Lamp5
Olig-2
InN-Olf-2
Endo-1
ExN-L6-2
Astro-1
Endo-1
Olig-2
ExN-L6-2
Olig-2
ExN-L6-1
Olig-2
Olig-2
Astro-1
ExN-L6-2
ExN-L6-3
Astro-1
Astro-1
Olig-2
ExN-L6-3
Olig-2
Olig-2
Astro-1
Olig-2
Olig-2
ExN-L5-3
ExN-Olf
InN-Pvalb-1
InN-Sst-2
Olig-2
ExN-L6-2
ExN-L6-2
Olig-2
ExN-L5-1
Olig-3
ExN-L6-2
Olig-2
Astro-1
Olig-2
InN-Calb2-2
ExN-L6-2
InN-Sst-2
Endo-3
Astro-1
Astro-1
Astro-1
Astro-1
Astro-2
Olig-2
ExN-L6-3
ExN-L6-2
OPC
ExN-L6-2
Epen
Olig-2
Epen
Astro-1
InN-Calb2-2
Olig-2
InN-Lhx6
Epen
Epen
Astro-1
Epen
Olig-2
ExN-L6-3
InN-Olf-1
Epen
Epen
Micro-1
ExN-L6-2
Olig-2
Astro-2
Epen
Epen
Epen
Epen
Olig-2
Epen
Astro-2
Epen
Olig-2
OPC
Astro-1
Epen
Astro-2
ExN-L6-2
ExN-L6-3
OPC
Olig-2
ExN-L6-3
Olig-2
Astro-1
Epen
Astro-1
Olig-2
Olig-2
Endo-1
ExN-L6-2
Epen
Epen
Epen
InN-Calb2-2
Epen
Epen
InN-Calb2-2
Peri-1
Astro-1
InN-Calb2-2
InN-Calb2-2
Epen
Epen
Peri-2
Olig-2
Astro-1
MSN-D1-1
Olig-2
Olig-2
Astro-1
MSN-D1-2
Olig-3
MSN-D1-2
Epen
Endo-2
Epen
Epen
Astro-2
Epen
Epen
Endo-3
InN-Calb2-2
Astro-2
Micro-2
Epen
InN-Calb2-2
Epen
Peri-1
MSN-D2
Olig-2
InN-Olf-2
Astro-2
InN-Calb2-2
Olig-2
Astro-2
Astro-2
Epen
Olig-2
InN-Sst-2
MSN-D2
MSN-D1-2
MSN-D2
Micro-3
MSN-D1-1
MSN-D1-1
MSN-D2
MSN-D1-1
MSN-D1-1
MSN-D1-1
MSN-D1-1
Astro-1
MSN-D2
MSN-D1-1
Olig-2
MSN-D1-1
Olig-2
Olig-2
MSN-D1-1
MSN-D1-1
MSN-D1-1
Olig-2
MSN-D2
MSN-D1-1
MSN-D1-1
MSN-D1-1
Vlmc
Astro-2
MSN-D2
MSN-D1-1
Astro-1
Olig-2
MSN-D1-1
MSN-D1-1
Endo-1
MSN-D1-1
MSN-D1-2
MSN-D1-2
MSN-D1-2
MSN-D1-1
MSN-D1-1
MSN-D1-1
MSN-D2
Astro-1
InN-Sst-2
MSN-D1-1
MSN-D1-2
MSN-D1-1
Olig-2
Peri-1
Olig-2
MSN-D1-1
Astro-1
Olig-2
MSN-D1-1
MSN-D2
MSN-D1-1
Olig-3
Peri-2
MSN-D1-1
Olig-2
Endo-1
MSN-D1-1
Astro-1
InN-Chat
Endo-1
MSN-D1-1
Astro-1
MSN-D2
MSN-D1-2
MSN-D2
MSN-D2
MSN-D2
MSN-D2
MSN-D2
MSN-D2
MSN-D1-1
MSN-D1-1
MSN-D2
MSN-D2
MSN-D2
InN-Pvalb-2
MSN-D1-1
MSN-D1-1
MSN-D2
Micro-3
Astro-2
Peri-1
MSN-D1-1
Astro-1
Astro-1
MSN-D2
MSN-D1-2
Micro-3
MSN-D1-1
MSN-D1-1
MSN-D2
MSN-D1-1
MSN-D1-1
MSN-D2
MSN-D2
Micro-3
Olig-3
MSN-D1-1
MSN-D1-1
MSN-D2
Endo-3
MSN-D1-1
Astro-1
MSN-D1-1
Olig-2
MSN-D1-1
MSN-D1-1
MSN-D1-1
MSN-D1-1
Olig-2
MSN-D1-1
MSN-D2
MSN-D1-1
OPC
MSN-D1-1
Endo-3
MSN-D2
MSN-D2
MSN-D2
MSN-D1-1
MSN-D2
Endo-3
MSN-D2
MSN-D1-1
MSN-D2
Olig-2
MSN-D2
Astro-1
MSN-D1-1
MSN-D2
MSN-D2
MSN-D1-1
MSN-D2
Olig-2
Micro-2
Endo-1
MSN-D1-1
MSN-D1-1
Olig-2
InN-Lhx6
Endo-3
Endo-1
MSN-D1-2
MSN-D1-1
MSN-D1-1
MSN-D2
Endo-2
MSN-D1-1
MSN-D1-1
MSN-D1-1
MSN-D2
MSN-D1-1
Endo-3
MSN-D1-1
MSN-D1-1
MSN-D2
Micro-1
MSN-D2
MSN-D1-1
MSN-D1-1
MSN-D1-1
MSN-D1-1
MSN-D1-1
MSN-D1-1
MSN-D1-1
MSN-D2
MSN-D2
Olig-2
Endo-1
MSN-D1-1
MSN-D1-1
Endo-1
MSN-D1-1
MSN-D1-1
MSN-D1-1
MSN-D2
MSN-D2
MSN-D1-1
MSN-D2
Endo-3
MSN-D1-1
Astro-1
Olig-2
Olig-2
MSN-D2
Endo-1
OPC
MSN-D2
Olig-2
Olig-3
Endo-1
Olig-2
Olig-2
Olig-2
Olig-2
Olig-3
Olig-2
Olig-2
Olig-3
Olig-2
MSN-D1-1
Olig-2
Olig-2
Olig-2
Olig-2
Olig-3
MSN-D1-2
Olig-2
Olig-2
Micro-1
Endo-3
Olig-2
Olig-2
Olig-2
Olig-2
Olig-2
MSN-D1-1
Astro-1
Olig-3
MSN-D2
Olig-2
Olig-2
Olig-2
Olig-2
Olig-2
Olig-2
Olig-3
MSN-D1-1
MSN-D2
Olig-2
Olig-2
MSN-D2
MSN-D1-1
Olig-2
Olig-3
Olig-2
Olig-2
Olig-2
Astro-1
Olig-2
Olig-2
ExN-L6-3
Olig-2
Olig-3
Olig-2
Olig-3
Olig-2
Olig-2
Olig-2
Astro-1
Olig-2
Olig-2
ExN-L6-3
Olig-2
Olig-3
ExN-L6-2
Olig-3
InN-Vip
Olig-2
OPC
Astro-1
Olig-2
Olig-2
Micro-1
OPC
Olig-2
Astro-1
Olig-3
Olig-2
Olig-2
Olig-2
InN-Olf-1
ExN-L6-3
Olig-2
Micro-1
InN-Sst-2
Astro-1
Endo-1
Olig-2
ExN-L5-1
InN-Calb2-2
Olig-2
ExN-L6-3
Olig-1
Micro-3
Olig-2
Micro-2
Olig-2
Olig-2
Olig-2
Olig-2
Micro-1
Endo-3
Olig-2
Olig-2
ExN-L2/3-1
ExN-L2/3-1
Olig-2
Endo-3
Astro-1
Micro-3
InN-Vip
Vlmc
InN-Calb2-1
Olig-2
ExN-L2/3-1
InN-Lamp5
InN-Lhx6
Astro-2
Micro-1
InN-Lamp5
Astro-1
ExN-L2/3-1
ExN-L2/3-1
Endo-1
Endo-1
ExN-L2/3-1
ExN-L2/3-1
InN-Lhx6
Endo-1
ExN-L2/3-1
Peri-2
ExN-L2/3-1
ExN-L2/3-1
Astro-1
Astro-1
Endo-2
InN-Vip
ExN-L5-1
ExN-L2/3-1
InN-Lamp5
ExN-L2/3-2
ExN-L2/3-1
Endo-1
Astro-1
ExN-L5-1
ExN-L2/3-2
Peri-2
Astro-1
ExN-L2/3-2
Endo-2
ExN-L2/3-2
ExN-L5-2
ExN-L2/3-1
Astro-1
Olig-3
ExN-L2/3-1
Peri-1
ExN-L2/3-2
ExN-L2/3-1
InN-Lamp5
Astro-1
Endo-1
InN-Pvalb-2
Astro-2
Endo-1
Astro-1
Endo-1
OPC
Endo-1
ExN-L2/3-1
InN-Lamp5
Astro-1
Endo-1
Endo-3
OPC
InN-Lamp5
Micro-1
Vlmc
Astro-2
Astro-2
Endo-2
Astro-2
Astro-2
Astro-1
Peri-2
ExN-L2/3-2
Endo-1
Astro-2
Astro-1
Endo-1
Astro-1
Astro-2
Astro-2
Astro-1
Peri-1
Astro-1
ExN-L5-2
Endo-1
Olig-2
Olig-3
Olig-2
Peri-1
Endo-1
InN-Lamp5
Astro-1
OPC
Endo-2
Vlmc
Astro-1
Endo-1
Astro-1
ExN-L6-1
Astro-1
ExN-L6-1
ExN-L2/3-1
ExN-L2/3-1
OPC
ExN-L2/3-1
Astro-1
ExN-Olf
Olig-2
ExN-L2/3-1
ExN-L2/3-1
Astro-1
Astro-1
Astro-1
Astro-2
Astro-2
Endo-1
ExN-L2/3-1
Micro-1
Astro-1
ExN-L2/3-2
ExN-L2/3-1
Astro-1
Astro-2
ExN-L5-2
InN-Chat
Astro-1
Endo-3
ExN-L2/3-1
ExN-Olf
Micro-2
Astro-1
Endo-3
Astro-2
InN-Calb2-2
Vlmc
ExN-L2/3-1
Vlmc
Astro-1
ExN-L5-2
InN-Vip
Astro-1
ExN-L6-1
ExN-L5-2
Endo-1
ExN-L5-2
Endo-3
Astro-1
Endo-2
ExN-L5-2
ExN-L5-2
ExN-L2/3-1
ExN-L2/3-1
InN-Sst-2
ExN-Olf
ExN-L5-2
ExN-L5-2
Micro-1
Astro-1
ExN-L5-2
ExN-L6-2
ExN-L5-3
InN-Pvalb-2
ExN-L5-2
Astro-1
ExN-Olf
ExN-L5-2
ExN-L5-2
Micro-3
ExN-L5-2
Astro-1
ExN-L2/3-1
ExN-L5-2
Olig-2
Astro-1
Endo-1
ExN-L5-2
Endo-1
Astro-1
InN-Pvalb-2
ExN-L5-2
ExN-L5-2
InN-Calb2-2
OPC
ExN-Olf
Endo-3
Astro-1
Astro-1
Olig-1
ExN-L5-2
Peri-1
InN-Pvalb-2
ExN-L5-2
ExN-L5-2
ExN-L5-2
Astro-1
ExN-L5-2
Endo-1
Olig-2
ExN-L5-2
Olig-2
ExN-L5-2
ExN-L5-2
InN-Pvalb-2
ExN-L5-3
ExN-L5-2
Micro-1
ExN-L5-2
ExN-L5-3
Astro-1
Astro-1
ExN-L5-2
Astro-1
ExN-L5-2
Olig-2
Endo-3
Astro-1
ExN-Olf
Olig-2
InN-Vip
ExN-L5-2
ExN-L5-2
ExN-L5-2
ExN-L5-2
Astro-1
ExN-L5-2
ExN-L5-2
Astro-1
ExN-L5-2
Endo-1
ExN-L5-3
ExN-L5-2
Olig-2
ExN-L5-2
ExN-L5-2
Micro-1
InN-Pvalb-2
ExN-L5-2
InN-Pvalb-1
ExN-L5-2
ExN-L5-2
ExN-L5-2
InN-Pvalb-2
ExN-L5-2
Astro-1
Astro-1
Peri-1
ExN-L5-2
InN-Pvalb-3
ExN-Olf
ExN-L6-2
ExN-L5-2
OPC
InN-Calb2-1
Astro-1
Astro-1
ExN-L5-2
ExN-L5-2
Endo-1
Peri-1
ExN-L5-2
ExN-L5-3
ExN-L6-3
ExN-L5-3
Endo-1
InN-Pvalb-2
Peri-1
ExN-L5-2
Astro-1
Astro-1
Olig-2
ExN-L5-3
ExN-Olf
ExN-L5-2
ExN-L6-2
ExN-L6-3
InN-Pvalb-2
InN-Olf-1
InN-Sst-2
ExN-L5-2
ExN-L5-3
InN-Pvalb-3
ExN-L5-2
ExN-L5-3
ExN-L5-2
ExN-L5-2
Peri-1
ExN-L5-2
ExN-L5-2
Astro-1
Olig-2
Olig-2
ExN-L5-2
Astro-1
Astro-1
ExN-L5-2
ExN-Olf
InN-Vip
ExN-L5-3
ExN-L6-3
ExN-L5-2
Endo-1
Endo-1
OPC
ExN-L5-2
ExN-L6-2
Olig-2
InN-Pvalb-3
ExN-L5-3
ExN-L5-2
ExN-L6-3
ExN-L5-2
ExN-L5-2
Endo-3
ExN-L5-2
ExN-Olf
InN-Pvalb-2
InN-Pvalb-1
ExN-L5-3
ExN-L5-3
ExN-L5-3
InN-Pvalb-2
ExN-Olf
Olig-2
Olig-2
Olig-2
ExN-L6-2
ExN-L6-2
ExN-L6-2
InN-Pvalb-3
ExN-L6-2
ExN-L5-3
ExN-L5-3
Olig-3
Olig-2
ExN-L6-3
Olig-2
ExN-L6-3
Astro-1
Olig-2
Endo-1
ExN-L5-2
ExN-L6-3
Astro-1
Olig-2
Astro-1
Olig-2
ExN-L5-2
ExN-L6-3
Astro-1
Astro-1
Astro-1
ExN-L6-3
Astro-1
Olig-2
ExN-L6-2
InN-Olf-1
Olig-2
Olig-2
Astro-1
ExN-L6-3
Astro-1
ExN-L6-3
Olig-2
ExN-L5-3
Astro-1
ExN-L6-3
Olig-2
Olig-2
Olig-2
ExN-L6-3
Endo-1
InN-Olf-2
InN-Pvalb-2
ExN-L6-2
ExN-L5-3
Olig-2
ExN-L5-2
Olig-2
ExN-L5-3
ExN-L5-3
ExN-L5-3
ExN-L5-3
InN-Sst-2
ExN-L6-2
ExN-L6-2
Endo-3
Astro-1
ExN-L6-2
Peri-1
ExN-L5-2
Peri-1
ExN-L6-3
Peri-1
ExN-L6-2
ExN-L6-2
ExN-L6-2
ExN-L5-3
Olig-2
OPC
Endo-2
InN-Pvalb-3
InN-Calb2-2
InN-Calb2-2
ExN-L6-2
ExN-L6-2
ExN-L6-2
Olig-2
InN-Calb2-2
ExN-L5-2
ExN-L6-2
InN-Calb2-2
ExN-L6-2
Epen
ExN-L5-2
Olig-2
Astro-1
ExN-L5-2
ExN-L6-2
ExN-L6-3
InN-Pvalb-2
Olig-1
Peri-2
InN-Olf-2
ExN-L6-3
Olig-2
ExN-L6-2
InN-Calb2-1
InN-Pvalb-3
Olig-2
InN-Sst-2
InN-Olf-1
Olig-2
Olig-2
Endo-1
Astro-1
Olig-2
ExN-L6-3
Astro-2
Astro-1
ExN-L6-2
Astro-2
InN-Calb2-2
ExN-L6-2
Endo-1
Olig-3
Olig-3
ExN-L6-2
ExN-L6-3
ExN-L6-2
Micro-3
ExN-L6-3
Micro-2
ExN-L6-2
ExN-L6-2
ExN-L6-2
ExN-L6-2
Olig-3
Astro-1
Olig-2
InN-Calb2-2
ExN-L6-3
Olig-1
InN-Calb2-2
ExN-L6-2
ExN-L6-2
ExN-L6-2
InN-Pvalb-3
ExN-L6-3
InN-Calb2-2
Olig-2
InN-Calb2-2
OPC
Peri-2
MSN-D2
MSN-D1-1
Astro-1
Peri-2
MSN-D2
Endo-3
MSN-D2
Astro-1
Astro-2
MSN-D1-1
Peri-2
MSN-D2
Vlmc
MSN-D1-1
Micro-1
MSN-D1-1
Astro-1
MSN-D2
Olig-2
ExN-L6-3
MSN-D1-2
MSN-D1-1
ExN-L6-2
Astro-2
MSN-D1-1
ExN-L6-2
MSN-D1-2
MSN-D1-1
Peri-2
Endo-3
MSN-D1-1
MSN-D1-2
Endo-1
InN-Calb2-2
Astro-2
MSN-D1-1
MSN-D1-1
Olig-2
Peri-2
InN-Calb2-2
MSN-D1-1
ExN-L6-2
MSN-D1-1
Olig-2
InN-Calb2-2
Astro-1
Olig-3
MSN-D1-1
MSN-D1-1
Endo-1
InN-Calb2-2
MSN-D1-1
OPC
MSN-D2
Astro-1
MSN-D2
Astro-2
Astro-1
Endo-2
MSN-D1-2
MSN-D1-1
Olig-3
Micro-2
Astro-1
MSN-D2
ExN-L6-2
Astro-1
Micro-1
MSN-D1-1
MSN-D1-1
MSN-D2
MSN-D2
MSN-D1-1
MSN-D2
InN-Lhx6
MSN-D2
MSN-D1-1
Endo-1
MSN-D2
MSN-D2
MSN-D2
MSN-D1-1
MSN-D2
MSN-D2
MSN-D1-1
MSN-D2
MSN-D2
Astro-1
Astro-1
Olig-3
MSN-D1-1
MSN-D2
MSN-D2
MSN-D2
MSN-D1-1
MSN-D2
MSN-D1-1
MSN-D2
InN-Olf-1
MSN-D1-1
MSN-D1-1
MSN-D1-1
MSN-D2
MSN-D1-1
MSN-D1-1
Endo-3
MSN-D2
MSN-D2
MSN-D2
MSN-D2
MSN-D2
MSN-D2
OPC
MSN-D1-2
Astro-1
MSN-D2
Olig-2
MSN-D2
MSN-D2
Astro-1
MSN-D1-1
OPC
Micro-1
Micro-1
MSN-D2
MSN-D1-1
MSN-D1-1
MSN-D1-1
MSN-D1-1
MSN-D1-1
Endo-2
MSN-D1-2
MSN-D2
MSN-D1-1
MSN-D1-1
MSN-D1-1
Endo-1
MSN-D1-1
Astro-1
MSN-D1-1
Olig-2
MSN-D1-1
MSN-D2
MSN-D2
MSN-D2
Micro-2
MSN-D1-1
MSN-D1-1
MSN-D1-1
Astro-1
OPC
MSN-D1-1
Astro-1
MSN-D1-1
MSN-D2
Astro-1
MSN-D1-1
Astro-1
MSN-D1-1
MSN-D1-1
MSN-D2
MSN-D1-1
MSN-D1-1
MSN-D1-1
MSN-D2
Endo-1
MSN-D1-1
MSN-D2
MSN-D1-1
MSN-D1-1
MSN-D1-1
MSN-D2
MSN-D1-1
MSN-D1-1
MSN-D1-1
Olig-2
MSN-D1-1
Endo-1
MSN-D2
MSN-D2
MSN-D1-1
MSN-D1-1
MSN-D1-2
MSN-D2
MSN-D2
MSN-D2
MSN-D1-1
MSN-D2
MSN-D1-1
Micro-2
MSN-D1-2
MSN-D1-2
MSN-D1-1
MSN-D2
MSN-D1-2
MSN-D2
MSN-D1-1
MSN-D2
MSN-D2
MSN-D2
OPC
Astro-1
MSN-D1-1
MSN-D2
Peri-1
MSN-D1-1
MSN-D1-1
MSN-D1-1
MSN-D2
MSN-D1-1
MSN-D1-1
OPC
MSN-D1-1
MSN-D2
MSN-D1-1
MSN-D2
MSN-D2
MSN-D2
MSN-D1-1
MSN-D2
Peri-1
Olig-2
Olig-2
Olig-2
Olig-2
Astro-1
Astro-1
Olig-2
Olig-2
Micro-3
Olig-2
Olig-2
Olig-3
Olig-2
Olig-2
Olig-2
Olig-2
Olig-2
Astro-1
MSN-D1-1
MSN-D1-2
MSN-D1-1
MSN-D1-1
Olig-3
InN-Sst-2
Astro-1
Olig-2
Olig-2
MSN-D2
Olig-2
Olig-2
MSN-D1-1
Olig-2
Astro-1
Olig-3
Olig-3
Astro-1
Olig-2
Olig-2
Olig-2
MSN-D1-2
Olig-2
MSN-D2
Olig-3
Endo-1
Olig-2
Olig-2
Olig-2
Olig-2
MSN-D1-1
Olig-2
MSN-D1-1
InN-Olf-1
Olig-2
Olig-2
Olig-2
Olig-3
Olig-2
Olig-2
Olig-2
Olig-2
Olig-2
Olig-2
Olig-2
OPC
OPC
Olig-3
Olig-2
Olig-2
InN-Calb2-2
Olig-2
Olig-2
Olig-2
Olig-2
InN-Pvalb-2
Olig-2
Olig-2
Olig-3
Astro-1
Astro-2
Olig-2
Peri-1
Olig-2
Olig-2
Peri-1
Olig-3
Olig-2
OPC
Olig-2
ExN-L6-3
Olig-2
Olig-2
Olig-2
Olig-2
MSN-D1-1
Olig-2
Olig-2
Olig-2
Olig-2
Olig-3
Olig-2
Endo-3
Olig-2
Olig-2
Olig-3
Olig-2
Olig-2
Olig-2
Olig-2
Olig-2
Olig-2
Olig-2
Olig-2
Olig-2
Olig-2
OPC
Astro-1
Vlmc
Astro-1
Astro-1
Olig-2
InN-Lamp5
Peri-2
Astro-1
Astro-2
OPC
Astro-1
Peri-2
Astro-2
Endo-1
Astro-1
InN-Lamp5
Astro-1
Endo-1
Peri-1
Astro-2
InN-Vip
Astro-2
Astro-1
Astro-1
Vlmc
Endo-3
InN-Sst-1
Astro-1
InN-Calb2-2
Astro-2
Endo-2
Endo-2
Endo-2
Astro-1
InN-Pvalb-1
OPC
Astro-1
InN-Calb2-2
Astro-1
Astro-1
Astro-1
Astro-1
Astro-1
Peri-1
Peri-1
InN-Lamp5
Micro-1
Astro-1
Vlmc
Endo-1
Endo-3
Micro-1
Micro-2
Macro
Astro-1
InN-Lamp5
Astro-1
Endo-1
Micro-1
ExN-L5-2
Astro-1
Astro-1
Peri-1
Astro-1
ExN-Olf
ExN-Olf
ExN-Olf
InN-Pvalb-3
Endo-1
Endo-3
Micro-1
InN-Calb2-1
Endo-1
Micro-1
OPC
Astro-1
Astro-1
Endo-1
ExN-Olf
Astro-1
Endo-1
InN-Calb2-1
Astro-1
Micro-1
InN-Pvalb-1
Astro-1
Olig-2
ExN-Olf
Micro-2
Astro-1
Endo-1
ExN-L5-2
ExN-L2/3-1
ExN-L5-2
Astro-1
Astro-1
InN-Calb2-1
Endo-3
OPC
InN-Olf-1
Endo-1
Astro-1
OPC
Astro-1
ExN-L5-2
ExN-L5-2
ExN-Olf
Astro-1
Astro-1
Micro-1
Astro-1
Endo-1
ExN-Olf
Endo-3
ExN-L5-2
ExN-L5-2
ExN-Olf
Peri-1
Peri-1
Olig-2
ExN-L5-2
ExN-L6-1
Olig-2
Astro-2
Astro-1
InN-Lamp5
ExN-L5-2
ExN-Olf
Peri-1
ExN-Olf
ExN-L5-2
Olig-2
Olig-2
ExN-L5-2
ExN-L5-2
Endo-3
Endo-1
ExN-Olf
Astro-1
InN-Sst-2
ExN-L5-2
InN-Pvalb-1
ExN-Olf
ExN-L5-2
ExN-Olf
Astro-1
InN-Sst-2
OPC
Peri-1
Olig-2
ExN-L2/3-1
Endo-3
Astro-1
ExN-Olf
Olig-2
ExN-Olf
ExN-L5-2
ExN-Olf
InN-Pvalb-2
ExN-L5-2
ExN-L5-2
ExN-Olf
Micro-1
ExN-L5-3
Micro-1
Endo-2
OPC
ExN-L5-2
InN-Pvalb-3
ExN-L5-2
Endo-1
Olig-2
ExN-L5-3
ExN-L5-3
ExN-L5-3
ExN-L6-3
Astro-1
Olig-2
InN-Calb2-1
InN-Sst-2
ExN-Olf
InN-Sst-1
Endo-1
ExN-Olf
ExN-L5-2
ExN-L6-1
InN-Pvalb-1
Endo-2
Endo-1
Astro-1
Endo-1
MSN-D1-1
Astro-1
InN-Sst-2
OPC
ExN-L5-2
Olig-2
Astro-1
Olig-2
ExN-L5-3
ExN-L5-2
ExN-L5-2
InN-Sst-1
ExN-L5-3
ExN-L6-2
InN-Pvalb-2
Olig-2
Micro-1
ExN-L6-1
Olig-2
ExN-Olf
Olig-2
Astro-1
OPC
Olig-2
ExN-L5-3
ExN-L5-2
Astro-1
ExN-L6-1
Endo-1
Endo-1
ExN-L6-3
InN-Calb2-2
Endo-3
ExN-L5-1
Astro-1
Olig-2
ExN-L6-3
ExN-L6-2
Olig-2
Astro-1
Micro-3
ExN-L6-2
Peri-1
ExN-L6-2
Olig-2
Olig-2
Olig-2
Peri-2
Peri-2
Endo-3
Olig-2
Olig-2
ExN-L6-2
ExN-L5-3
InN-Sst-1
Olig-2
Astro-1
Olig-2
Endo-1
Olig-2
ExN-L6-3
ExN-L5-3
Astro-1
Olig-2
Olig-2
Olig-2
InN-Pvalb-3
Micro-3
InN-Pvalb-2
Endo-1
ExN-Olf
Olig-2
Astro-1
InN-Calb2-2
Olig-2
Endo-3
Olig-2
ExN-L5-3
Endo-1
Olig-2
Astro-1
Astro-1
InN-Pvalb-2
ExN-L6-2
ExN-L6-2
InN-Vip
Olig-2
ExN-L6-2
InN-Olf-1
Astro-1
Astro-1
MSN-D1-1
InN-Olf-1
InN-Calb2-2
Astro-1
Astro-1
Astro-1
OPC
Olig-3
ExN-L6-3
InN-Calb2-2
ExN-L6-2
Astro-1
Astro-1
InN-Calb2-2
MSN-D1-1
InN-Olf-2
Astro-2
MSN-D1-1
Olig-2
ExN-L6-3
Astro-1
MSN-D1-2
Astro-1
Endo-1
InN-Pvalb-3
ExN-L6-2
Astro-2
Olig-2
ExN-L6-2
MSN-D1-1
MSN-D1-1
Olig-2
MSN-D1-2
Astro-1
Astro-2
Endo-1
MSN-D1-1
Astro-1
Micro-3
Astro-1
Astro-1
ExN-L6-2
ExN-L6-3
Peri-1
MSN-D1-1
MSN-D1-2
ExN-L6-2
ExN-L6-2
MSN-D1-1
InN-Olf-1
Astro-1
Endo-2
OPC
Olig-2
InN-Calb2-2
MSN-D2
Astro-1
Astro-1
MSN-D1-2
MSN-D1-1
Astro-1
MSN-D2
MSN-D1-2
MSN-D2
Astro-1
MSN-D1-2
MSN-D1-2
MSN-D1-1
MSN-D2
InN-Lhx6
Endo-2
MSN-D2
MSN-D2
Astro-1
MSN-D1-1
MSN-D2
MSN-D1-1
MSN-D2
Endo-3
MSN-D2
MSN-D1-1
Astro-1
MSN-D1-2
Astro-1
Astro-1
Olig-2
MSN-D1-1
MSN-D2
MSN-D2
MSN-D1-1
MSN-D1-1
Astro-1
MSN-D1-1
MSN-D1-2
InN-Pvalb-2
MSN-D1-2
MSN-D1-1
MSN-D2
MSN-D1-1
MSN-D2
MSN-D1-1
MSN-D2
MSN-D1-1
Endo-1
Astro-1
Micro-1
MSN-D2
MSN-D2
Micro-1
MSN-D2
MSN-D2
MSN-D1-1
MSN-D2
MSN-D2
Peri-1
MSN-D1-2
MSN-D1-1
MSN-D2
MSN-D1-1
MSN-D2
MSN-D1-1
MSN-D1-1
MSN-D1-1
MSN-D1-1
Endo-3
Olig-3
MSN-D1-1
MSN-D1-1
MSN-D2
MSN-D1-1
MSN-D2
MSN-D2
Endo-3
Micro-3
MSN-D2
MSN-D2
MSN-D1-1
MSN-D2
MSN-D1-1
Endo-1
Astro-1
MSN-D1-1
MSN-D2
MSN-D1-1
MSN-D2
MSN-D2
Endo-1
MSN-D1-1
MSN-D1-1
Astro-1
Micro-1
Endo-3
Astro-1
Endo-1
InN-Lhx6
MSN-D1-1
MSN-D1-1
MSN-D2
Astro-1
MSN-D1-1
MSN-D2
Olig-3
MSN-D2
MSN-D2
MSN-D1-1
MSN-D2
Endo-1
MSN-D2
MSN-D1-1
MSN-D1-1
MSN-D2
MSN-D2
MSN-D1-1
MSN-D1-1
MSN-D2
MSN-D2
MSN-D1-1
MSN-D2
MSN-D1-1
MSN-D2
MSN-D1-1
MSN-D1-1
Endo-3
MSN-D2
MSN-D1-1
OPC
MSN-D2
MSN-D2
MSN-D1-1
MSN-D1-1
MSN-D1-1
MSN-D1-1
MSN-D1-2
MSN-D1-1
Olig-2
MSN-D1-1
MSN-D1-1
MSN-D1-1
Peri-1
MSN-D2
Olig-2
Astro-1
Micro-3
MSN-D1-1
MSN-D1-1
MSN-D1-1
MSN-D2
MSN-D1-1
MSN-D1-1
MSN-D1-1
MSN-D2
Astro-1
MSN-D1-2
MSN-D1-1
MSN-D1-1
MSN-D1-1
MSN-D1-1
Astro-1
Endo-3
MSN-D1-1
MSN-D1-1
MSN-D2
Micro-3
MSN-D2
MSN-D1-1
Endo-1
Astro-1
MSN-D1-1
MSN-D1-1
Astro-1
MSN-D1-1
MSN-D2
MSN-D2
MSN-D1-2
MSN-D1-1
MSN-D1-1
MSN-D2
Astro-1
MSN-D1-1
Olig-2
MSN-D2
MSN-D1-1
MSN-D2
MSN-D1-1
Endo-3
InN-Lhx6
Endo-3
MSN-D1-1
Olig-2
MSN-D2
MSN-D1-1
Micro-2
MSN-D1-1
MSN-D2
Micro-1
Endo-1
Olig-2
MSN-D2
MSN-D1-1
MSN-D2
MSN-D2
MSN-D2
MSN-D2
MSN-D1-1
MSN-D1-1
Micro-2
Peri-1
Micro-2
Astro-1
Astro-1
Astro-2
Vlmc
Astro-2
Astro-2
Olig-2
Astro-1
Astro-1
Astro-1
Endo-1
Epen
Endo-2
OPC
Endo-1
Astro-1
InN-Lamp5
Astro-1
InN-Lamp5
Endo-3
Endo-1
Astro-2
Micro-1
Olig-2
Astro-1
Peri-1
Astro-1
Micro-1
Astro-1
Endo-1
Micro-1
Astro-2
Endo-3
Astro-2
Endo-1
Vlmc
Endo-1
Vlmc
Astro-2
InN-Calb2-2
Astro-1
Micro-3
Endo-3
Peri-1
Endo-1
Astro-1
InN-Lamp5
Astro-2
Peri-2
Astro-1
OPC
Micro-1
Endo-1
Micro-1
Endo-2
Endo-3
Peri-1
InN-Lamp5
Astro-1
Endo-1
Micro-3
Astro-1
Astro-1
ExN-L2/3-1
ExN-Olf
ExN-Olf
ExN-Olf
InN-Vip
ExN-L2/3-1
ExN-L5-2
OPC
ExN-Olf
ExN-Olf
InN-Calb2-2
Endo-1
ExN-L5-2
Astro-1
Micro-1
Astro-1
Micro-1
Astro-1
Astro-1
ExN-Olf
InN-Pvalb-3
ExN-L5-2
ExN-Olf
ExN-L6-1
ExN-L5-3
ExN-Olf
ExN-L2/3-1
Endo-1
Olig-2
ExN-Olf
Endo-1
ExN-L5-2
ExN-Olf
Astro-1
ExN-Olf
InN-Calb2-1
ExN-Olf
ExN-L5-2
InN-Lhx6
Astro-1
InN-Sst-1
Astro-1
InN-Vip
OPC
ExN-Olf
Astro-1
ExN-L6-1
ExN-Olf
ExN-L6-1
Peri-1
ExN-L5-2
InN-Pvalb-1
ExN-Olf
ExN-Olf
Olig-2
ExN-Olf
ExN-Olf
ExN-Olf
Peri-1
ExN-Olf
Endo-1
InN-Pvalb-2
ExN-L6-2
Astro-1
Olig-2
Micro-1
ExN-Olf
ExN-Olf
ExN-Olf
ExN-Olf
ExN-Olf
ExN-Olf
ExN-L5-2
Astro-1
Astro-1
ExN-L6-1
Micro-1
OPC
Endo-3
ExN-Olf
Endo-1
Micro-1
ExN-L6-1
ExN-Olf
ExN-L5-2
ExN-Olf
InN-Lamp5
ExN-Olf
ExN-Olf
ExN-Olf
ExN-L5-2
ExN-Olf
ExN-Olf
ExN-Olf
InN-Calb2-2
InN-Lamp5
ExN-L5-2
ExN-L5-2
Olig-2
Astro-1
ExN-Olf
Olig-2
Astro-1
OPC
InN-Calb2-2
ExN-L5-2
Olig-2
Endo-1
Micro-1
Olig-2
ExN-L5-2
InN-Pvalb-2
Olig-2
InN-Pvalb-1
Endo-1
Astro-1
Astro-1
ExN-L6-3
ExN-Olf
ExN-Olf
Astro-1
InN-Calb2-2
Olig-2
InN-Sst-1
InN-Vip
Peri-1
ExN-L5-2
Olig-2
Olig-2
Olig-2
Endo-1
Olig-2
ExN-Olf
ExN-L6-3
ExN-L5-1
Olig-2
InN-Lhx6
Olig-2
InN-Pvalb-2
Olig-2
Olig-2
Olig-2
InN-Pvalb-2
Olig-2
Endo-1
InN-Sst-2
Olig-3
Olig-2
Astro-1
Astro-1
Olig-2
Olig-2
InN-Calb2-1
Astro-1
Endo-1
Micro-1
Olig-2
Olig-2
Astro-1
InN-Olf-1
Olig-2
Endo-1
Endo-1
InN-Sst-1
Olig-3
Micro-1
Olig-2
MSN-D1-2
Endo-1
Astro-1
Olig-2
ExN-L6-2
Astro-1
InN-Calb2-2
Olig-2
Olig-2
Olig-1
InN-Olf-2
Olig-2
Astro-1
Olig-1
OPC
ExN-L5-2
Micro-3
Astro-1
ExN-L5-3
Olig-2
InN-Olf-1
Astro-1
Olig-2
Olig-2
Astro-1
Astro-1
ExN-L6-2
Olig-2
Vlmc
Olig-2
InN-Olf-1
Astro-1
ExN-Olf
InN-Olf-1
InN-Pvalb-2
Olig-2
Astro-1
OPC
ExN-L5-2
Endo-2
MSN-D1-1
Endo-1
Peri-2
ExN-Olf
MSN-D1-1
ExN-L5-2
ExN-Olf
MSN-D1-1
Astro-1
MSN-D1-1
Olig-2
Olig-2
ExN-Olf
MSN-D1-1
MSN-D2
Peri-2
MSN-D2
OPC
MSN-D2
Micro-2
Olig-2
Olig-2
ExN-L6-1
ExN-Olf
Astro-1
MSN-D1-2
Olig-2
Olig-3
Olig-2
Endo-1
Vlmc
Endo-1
MSN-D1-1
MSN-D2
ExN-L5-2
Peri-2
Macro
Astro-2
Peri-1
MSN-D1-1
Endo-1
ExN-L5-2
MSN-D1-1
MSN-D1-1
MSN-D1-1
InN-Vip
ExN-L5-2
Olig-2
ExN-Olf
MSN-D1-2
MSN-D1-1
Peri-2
MSN-D1-1
MSN-D2
MSN-D2
MSN-D1-1
MSN-D1-1
Astro-1
Astro-1
InN-Chat
MSN-D1-2
MSN-D2
MSN-D1-1
MSN-D1-1
MSN-D1-2
MSN-D1-1
MSN-D1-1
Endo-1
MSN-D1-1
Endo-1
MSN-D1-1
Vlmc
Olig-2
MSN-D1-1
Endo-2
MSN-D1-1
MSN-D1-1
Micro-2
MSN-D1-1
MSN-D2
MSN-D2
MSN-D1-1
MSN-D1-1
Astro-1
Endo-3
Micro-1
MSN-D1-1
Peri-1
Olig-2
MSN-D2
MSN-D1-1
MSN-D2
MSN-D1-1
MSN-D2
MSN-D1-2
Olig-2
MSN-D1-1
MSN-D1-1
MSN-D2
MSN-D1-1
Peri-1
InN-Olf-1
MSN-D2
MSN-D1-1
MSN-D2
MSN-D1-2
MSN-D1-1
Endo-1
MSN-D2
MSN-D2
MSN-D1-1
MSN-D1-1
InN-Lhx6
MSN-D1-1
Endo-2
MSN-D1-1
MSN-D2
InN-Lhx6
MSN-D1-1
Peri-1
MSN-D2
MSN-D2
MSN-D2
MSN-D1-2
MSN-D2
MSN-D2
MSN-D2
MSN-D1-1
Peri-1
MSN-D2
Endo-1
Astro-1
Astro-1
Astro-2
ExN-Olf
ExN-Olf
Micro-1
ExN-L5-2
OPC
Peri-1
ExN-Olf
Astro-1
ExN-L2/3-1
Endo-1
Endo-1
Astro-1
Endo-3
Astro-1
ExN-L5-2
Astro-1
Astro-1
Astro-1
Astro-1
Endo-1
ExN-Olf
ExN-L6-2
Astro-1
Astro-1
ExN-Olf
ExN-Olf
ExN-Olf
Peri-1
ExN-L2/3-1
Astro-1
Endo-1
Astro-1
Micro-1
Astro-2
Peri-1
Endo-1
Astro-1
Astro-1
Micro-1
Astro-2
Endo-3
InN-Olf-1
Micro-1
Astro-1
Peri-2
Astro-2
Astro-2
Astro-2
OPC
Astro-1
ExN-Olf
Astro-1
ExN-Olf
ExN-Olf
Macro
Peri-1
ExN-L5-2
ExN-Olf
ExN-Olf
ExN-Olf
Astro-1
Endo-3
ExN-L5-2
ExN-Olf
InN-Pvalb-1
Olig-2
Endo-3
InN-Lamp5
Peri-1
ExN-Olf
ExN-Olf
Astro-1
ExN-L5-2
ExN-Olf
Endo-3
ExN-L5-2
Astro-1
ExN-L2/3-1
Peri-1
ExN-Olf
Endo-1
ExN-Olf
Endo-1
InN-Vip
Endo-1
ExN-Olf
Astro-1
ExN-L2/3-1
ExN-Olf
OPC
Endo-1
Micro-1
ExN-L2/3-1
ExN-Olf
Endo-1
ExN-Olf
ExN-Olf
ExN-Olf
Olig-2
ExN-Olf
ExN-Olf
InN-Olf-1
ExN-L5-2
ExN-Olf
ExN-Olf
ExN-Olf
Astro-1
ExN-Olf
Endo-1
Astro-1
Olig-2
ExN-Olf
ExN-Olf
ExN-L5-2
ExN-Olf
Olig-2
InN-Sst-1
ExN-Olf
ExN-Olf
InN-Pvalb-2
InN-Olf-2
Micro-1
ExN-Olf
ExN-Olf
ExN-L5-2
Micro-1
Astro-1
Astro-1
Endo-3
ExN-Olf
ExN-L5-2
ExN-L5-2
Endo-1
ExN-Olf
Olig-2
Olig-2
ExN-Olf
ExN-L5-2
Olig-2
Astro-1
ExN-Olf
Endo-3
InN-Olf-2
InN-Calb2-1
Endo-3
Olig-2
Olig-2
Astro-1
InN-Olf-1
InN-Olf-1
Olig-2
InN-Olf-1
Endo-1
InN-Olf-2
InN-Olf-1
Olig-2
Peri-1
InN-Olf-1
Olig-1
Endo-3
Astro-1
Olig-2
Olig-3
ExN-L5-2
Olig-2
InN-Olf-1
OPC
Olig-2
InN-Olf-1
Olig-2
InN-Olf-1
ExN-Olf
ExN-L5-3
InN-Olf-1
Astro-2
ExN-L6-3
Micro-1
Olig-2
Astro-1
Astro-1
InN-Olf-1
InN-Olf-1
Olig-2
OPC
Astro-1
Astro-1
Olig-2
InN-Olf-1
Vlmc
OPC
InN-Olf-1
InN-Olf-1
Olig-2
Endo-3
ExN-L5-2
ExN-Olf
Peri-1
Astro-1
ExN-Olf
ExN-Olf
Endo-1
Endo-2
Peri-2
ExN-L6-1
InN-Lamp5
InN-Sst-1
ExN-Olf
Endo-3
Endo-1
ExN-Olf
InN-Pvalb-3
Olig-2
Micro-1
ExN-Olf
Olig-2
Peri-1
Astro-1
ExN-L6-2
ExN-L6-2
Micro-2
Vlmc
ExN-L6-2
Astro-1
ExN-L5-2
Endo-1
Astro-1
MSN-D1-2
ExN-Olf
Astro-1
Olig-2
ExN-L5-2
OPC
Astro-1
ExN-Olf
ExN-Olf
Astro-1
Astro-2
Astro-1
ExN-Olf
OPC
InN-Calb2-2
Endo-1
Peri-1
ExN-Olf
ExN-Olf
ExN-Olf
Endo-1
ExN-Olf
Endo-1
Astro-2
Endo-3
ExN-Olf
Astro-2
OPC
Endo-1
Endo-2
ExN-Olf
Astro-1
Endo-3
Peri-1
Micro-1
Astro-1
Olig-2
Micro-2
ExN-Olf
ExN-L2/3-1
Astro-2
Micro-3
Astro-2
Endo-1
Vlmc
Astro-1
ExN-L5-2
ExN-Olf
Astro-1
Astro-1
Endo-1
Astro-1
ExN-Olf
Endo-1
ExN-Olf
Astro-1
OPC
ExN-Olf
Olig-2
Peri-1
OPC
Endo-1
ExN-Olf
Olig-2
ExN-L5-2
Micro-1
Astro-1
Endo-3
Vlmc
InN-Calb2-2
Astro-1
Endo-1
Astro-1
Astro-1
ExN-L6-2
Astro-1
Endo-1
Astro-1
Peri-1
Endo-2
InN-Olf-1
MSN-D1-2
Astro-1
InN-Chat
InN-Olf-1
InN-Olf-1
Astro-1
Endo-1
InN-Olf-2
InN-Pvalb-3
Endo-1
Micro-1
Astro-1
Endo-3
Olig-2
InN-Olf-2
InN-Olf-1
InN-Olf-1
Astro-1
InN-Lamp5
OPC
Micro-2
InN-Olf-1
InN-Calb2-1
Astro-1
Micro-1
InN-Olf-1
Olig-3
InN-Olf-1
InN-Olf-1
Peri-1
InN-Olf-1
Astro-1
Astro-1
Endo-3
InN-Olf-2
ExN-Olf
ExN-Olf
InN-Olf-1
Endo-3
ExN-L5-3
Olig-2
Peri-1
Endo-1
Astro-1
ExN-Olf
ExN-Olf
Micro-1
InN-Pvalb-3
Endo-2
Astro-1
InN-Olf-2
Astro-1
InN-Calb2-1
Micro-3
InN-Lamp5
Astro-1
Endo-1
InN-Olf-1
InN-Olf-1
Astro-1
Micro-2
InN-Olf-1
Astro-1
Astro-1
Vlmc
OPC
Astro-1
Micro-3
InN-Calb2-2
InN-Olf-1
Olig-2
Endo-2
Olig-2
Peri-2
Astro-1
Micro-1
Endo-1
Astro-1
Astro-2
Astro-1
Endo-2
Micro-1
InN-Olf-1
InN-Olf-1
Olig-2
Vlmc
InN-Calb2-1
InN-Calb2-2
Peri-2
Macro
Astro-1
Astro-1
Astro-1
Endo-1
Astro-2
Astro-2
Peri-2
Micro-3
Astro-2
Astro-1
Endo-2
Vlmc
Endo-1
OPC
Vlmc
Astro-2
Astro-1
Astro-1
Vlmc
Vlmc
Peri-2
Astro-1
Astro-1
OPC
Endo-1
Astro-2
Vlmc
